%    Value-Weight Dollar Returns      All 4 Data Items Not Reqd
%               -- BE/ME --   --- E/P ---   --- CE/P --   ------  Yld  -----
%         Mkt   High    Low   High    Low   High    Low   High    Low   Zero
197501  20.29  22.80  14.86  17.72  18.69  18.15  16.46  18.44  18.95  20.86
197502   2.58   4.88   1.33   8.75   0.15   5.03   0.14   9.13   0.56   5.59
197503  -2.97  -1.41  -2.72   1.78  -3.60  -1.27  -3.14   1.25  -3.83 -12.97
197504  -1.22  -1.93  -1.35   1.86  -1.89  -3.19  -2.27   1.68  -1.50 -15.14
197505  10.02   3.93  11.82  10.78  10.60   6.74   9.48   9.80  12.70   2.09
197506  -3.18  -3.43  -5.29  -4.35  -2.44  -4.79  -4.43  -3.68  -3.24  -3.28
197507  -3.94  -5.50  -3.93  -5.15  -3.76  -1.51  -4.56  -5.70  -3.53  13.63
197508  -2.09  -2.18  -1.72   0.26  -1.63  -4.41  -0.37  -0.11  -2.61  -2.08
197509   6.63  12.17   6.60   5.96   5.44   8.64   8.42   7.82   4.19  13.20
197510   2.96   5.38   2.38   0.60   1.15   7.39   3.83  -1.05   2.88  -0.90
197511   7.11  10.45   9.10   6.14   4.20   9.09   6.46   7.52   6.82  10.57
197512   3.48   6.29   3.45   6.60   2.48   5.12   2.29   6.56   1.51  34.84
197601   2.33   9.17  -0.05   7.35   0.35   2.45   3.36  10.65   0.22  -8.90
197602   1.89   0.00   0.81   3.92   1.81   4.06  -0.14   2.79   1.96 -12.32
197603  -2.30  -7.51   0.32  -5.27  -0.69  -2.46  -1.64  -7.51   0.12  -4.54
197604   2.96  -1.01   3.96   5.41   3.88   4.84   2.35   3.35   4.84  -0.03
197605   1.52   2.44   2.23  -0.75   1.56   2.23   1.31   0.31   3.65  -1.49
197606   1.32   3.75  -0.61   2.88   2.05   2.47  -0.82   4.07  -1.21  -4.53
197607  10.93   8.51  14.34  10.37   9.87  10.72   9.64  10.41  16.19  19.69
197608   0.07  -3.52  -1.70   2.28   1.04  -0.69   0.59  -2.57  -3.11   5.37
197609  -7.81 -10.73  -7.37  -6.86 -10.18  -7.19  -8.63  -6.66  -7.19   3.61
197610  -5.88  -5.04  -7.46  -4.84  -5.16  -6.57  -4.50  -2.19  -6.38  -9.67
197611 -20.51 -22.13 -19.98 -19.08 -20.05 -20.36 -21.44 -21.72 -20.57 -24.45
197612  12.43   8.96  13.92  11.06  12.76  16.71   9.87  10.73  14.11  14.95
197701   2.51   3.76   3.34   1.08   2.51   4.06   3.95   4.08   2.34   8.15
197702  -2.60  -1.20  -1.39   0.82  -3.49  -0.42  -2.79  -0.78  -3.45  -1.11
197703   5.98   2.41   7.92   6.06   7.90   3.11   8.23   0.10   7.48  -8.01
197704  -0.50   1.01  -0.43   1.37  -0.58   0.66  -0.10  -1.06  -0.16 -11.30
197705   4.67   8.29   3.93   8.16   3.54  10.03   3.40   8.17   2.85   1.00
197706   0.35   1.15   0.53   3.44  -1.21   2.04  -0.61   2.33  -1.19   2.61
197707  -5.41   0.27  -6.54  -0.98  -8.44  -0.79  -5.05   1.98  -8.43  -2.34
197708  -4.88  -4.02  -6.93  -5.66  -3.82  -3.91  -5.22  -2.90  -4.73  -9.83
197709  -0.08   5.88  -1.14   6.08  -3.08   6.89  -2.71   4.71  -3.27  -2.16
197710   6.83   8.09   5.11   8.81   5.09  10.60   4.79  10.09   4.83   4.00
197711  -2.30  -0.04  -2.94  -1.70  -3.84  -0.67  -3.13   0.01  -3.39  10.05
197712   8.72  12.28   8.01   9.99   7.18  14.15   7.35  15.52   6.17   4.92
197801  -4.28  -1.18  -5.21   0.14  -5.29  -5.32  -3.64  -1.45  -4.52  -8.31
197802  -5.27  -4.32  -5.76  -3.83  -4.70  -4.75  -6.57  -4.03  -7.84  -8.73
197803   5.51   3.83   5.49   1.67   9.29   8.51   5.88   6.04   7.76   1.51
197804   6.35   5.27   5.55   4.66   6.80   8.16   4.65   4.21   6.46   5.34
197805   4.88   3.97   4.91   2.58   4.74   6.80   3.83   5.12   5.31   5.06
197806   0.02   1.31  -1.23   0.36   0.38  -0.97   0.38  -0.47   0.10  -1.12
197807   6.86   3.77   8.01   2.10   8.79  11.71   5.26   6.01   8.99   9.51
197808   6.24   3.71   7.63   7.38   4.11   9.65   2.83   4.47   8.99   3.12
197809   3.77   5.04   0.52   4.37   3.28   4.09   0.83   2.84   1.52   7.60
197810  -4.04  -1.69  -2.70  -1.92  -2.85  -6.59  -1.12  -0.99  -4.46  -8.66
197811  -5.09  -6.33  -6.31  -6.44  -3.67  -1.98  -5.42  -7.60  -5.06 -14.82
197812   6.11   5.10   5.84   6.62   5.30   9.29   3.53   6.65   5.37   9.88
197901   3.84   3.06   5.21   0.98   5.39   2.74   5.63   5.41   4.76  -3.65
197902   3.24   1.46   3.23   0.21   6.28  -1.68   3.95   1.26   5.66  12.61
197903   1.24  -1.67   0.82  -2.81   3.22  -1.83   2.15  -1.68   3.32   7.37
197904  -2.95  -3.14  -3.10  -4.01  -1.91  -3.39  -3.03  -2.81  -1.94  -8.51
197905   3.14   4.88   2.99   6.93   0.65   4.21   2.29   1.63   1.61   6.19
197906  -0.95  -1.56  -1.75  -0.89  -1.74   0.09  -2.06  -0.31  -1.54   5.92
197907   3.52   3.21   6.28   0.98   4.80   4.37   6.08   4.40   4.32  15.03
197908  11.69  12.40  12.40   8.44  13.99   7.16  13.63  10.91  13.28  23.23
197909   6.79   4.12   9.34   3.02   6.06   2.91   9.80   4.15   7.05  25.96
197910  -1.74   0.73  -1.25  -3.92  -4.05  -0.29  -3.32  -0.62  -4.74  28.27
197911  -2.53  -2.25  -4.22   1.33  -2.41   2.03  -5.11   2.02  -3.67  -3.67
197912  11.93   3.27  17.17   2.71  16.71   2.35  18.43   0.37  17.49  16.74
198001  19.09  10.13  23.86   9.58  23.48   9.74  23.99   8.63  22.65  26.58
198002   2.69   0.69   3.87   2.59   4.18   3.31   3.29   2.92   3.54  -8.17
198003 -17.94  -8.07 -23.41  -7.05 -22.65  -6.18 -22.08  -9.09 -22.90 -22.46
198004   6.88   1.53   8.94   3.02   8.25   2.96   7.69   2.91   9.07  20.64
198005  14.32   7.58  16.62   5.53  17.46   8.04  16.60   6.83  17.97  27.10
198006   7.08   4.72   8.10   4.43   7.85   5.02   8.37   2.81   7.50  12.73
198007   0.00   4.64  -1.24   4.10  -1.15   6.11  -1.29   5.45  -0.93 -10.43
198008   5.94   4.06   7.34   5.74   6.50   4.15   5.59   6.55   7.31   6.24
198009   5.27   3.71   6.62   1.62   5.95   6.83   6.88   5.01   5.78  10.49
198010   4.93   0.80   7.56  -1.78   6.99  -0.37   6.39  -3.03   7.37  13.06
198011  -1.77   6.49  -5.41   4.13  -4.45   1.39  -3.23   3.16  -4.10  -3.38
198012  -0.47   6.23  -3.38   5.01  -2.02   5.65  -2.63   6.70  -2.49 -12.07
198101  -9.86  -1.05 -13.93   1.63 -14.46   1.39 -12.07  -2.24 -13.33  -9.98
198102  -3.03   2.56  -4.41   2.91  -5.62   0.37  -1.41   6.02  -4.91 -18.10
198103   9.79   6.42  12.33   7.58  11.37   5.78  11.89   3.74  12.73   4.39
198104  -1.20   1.87  -2.89   2.12  -0.34   0.69  -2.64   2.32  -1.41 -23.73
198105   0.14   5.29  -0.35   2.99  -0.13  -2.92  -1.79   2.01  -0.69  -0.82
198106  -1.30   3.53  -3.96   3.75  -0.74   0.54  -1.69   2.83  -0.77 -20.18
198107 -10.64  -4.86 -12.80  -2.77 -12.15  -8.94 -12.77  -5.85 -12.70 -16.48
198108   0.99  -0.13   2.20   2.35   0.25   0.25   0.37   1.37  -0.33  -7.57
198109  -9.11  -3.77 -11.12  -4.83 -11.51  -2.28 -10.88  -3.80 -12.60 -19.77
198110  -5.42  -2.01 -10.31   0.46  -9.17   0.31  -6.19  -1.94  -6.32 -12.20
198111   9.92   9.52   7.25  12.82   6.61   9.81   7.13   9.92   7.14  17.60
198112  -1.73  -2.01  -1.21  -0.90  -3.08   0.52   1.61   1.21  -1.55   0.33
198201 -10.89 -10.43  -9.57 -10.37 -11.60  -9.70 -10.28  -8.98 -12.16 -17.51
198202 -11.31  -7.70 -15.04  -8.54 -12.72  -6.37 -15.28  -8.08 -13.54 -24.73
198203  -7.32  -9.01  -7.11  -5.00 -10.28  -6.53 -10.49  -4.13 -10.55 -11.29
198204  12.10  10.99  15.56  10.23  14.83  12.59  16.00   7.86  12.15  13.28
198205  -0.75  -0.34  -1.97  -1.30   0.42   1.23  -1.52  -0.81  -0.93  -4.31
198206  -9.34  -8.27  -8.01  -6.91 -10.54  -8.70  -8.92  -8.49  -9.97 -16.25
198207  -3.33  -1.64  -6.56  -4.47  -2.61  -0.22  -5.31  -2.71  -4.52  -4.34
198208   2.27   1.52   4.09  -5.41   7.64   3.82   7.49  -1.37   3.28   1.83
198209   2.44   2.12   1.49   6.91  -0.37   1.96   0.43   5.27   0.41  15.47
198210  -0.96  -1.83   0.86  -1.17  -1.95   1.45   0.80  -0.25  -2.98  -0.43
198211  -1.55  -2.13  -1.44  -2.41  -1.12   0.27  -1.72  -3.08  -2.95  -9.89
198212   4.04   5.03   2.85   6.96   2.02   5.70   4.41   8.93   2.31  -1.01
198301  10.69   4.94  13.18   4.89   9.61   6.84  16.34   4.11  16.13  14.00
198302  -7.10  -5.37  -9.32  -5.47  -8.97  -5.97  -7.77  -3.54  -8.18 -14.98
198303  -6.52  -5.33  -6.29  -8.71  -5.00  -7.87  -4.69  -9.11  -4.27  -6.23
198304  16.23  20.71  12.31  17.19  20.69  23.42  13.43  16.68  12.68  32.90
198305   6.79   2.91   6.94   3.06   8.02   2.83  10.34   3.20   9.60   5.93
198306  -3.09  -2.07  -4.23  -3.76  -1.80  -1.68  -3.23  -2.99  -3.58   2.58
198307  12.68  17.64  10.61  13.25  13.60  19.30  10.80  11.00  12.68   5.32
198308   3.68   7.86   1.54   6.21   5.46   7.36   0.70   5.54   1.03   4.30
198309   3.81  10.53  -1.12   7.71   4.71  10.44  -2.06   7.16  -2.34   8.92
198310  -1.47   0.33  -2.77   2.73  -2.64  -1.01  -3.78   4.50  -3.36  -8.19
198311   8.71  11.99   7.87   9.94   9.20  11.61   6.19  10.84   6.88  -3.40
198312   2.50   2.09   4.69   3.23   2.57   2.94   1.12   3.11   1.76  -5.10
198401  -0.40  -3.59   1.38   3.73  -3.58   2.50  -2.99   2.59  -2.38  -0.62
198402  -2.09  -1.82  -1.50  -4.34  -1.89  -4.76  -0.64  -4.48  -0.86  -4.62
198403   2.41   4.84  -0.43  -1.56   2.11  -0.74   3.06  -0.04   5.63   7.62
198404  -0.46   1.88  -0.39   1.64  -0.35  -0.49  -0.24   2.02  -2.76   7.44
198405 -16.37 -17.89 -19.71 -13.07 -22.13 -16.51 -20.72 -11.70 -20.67 -18.86
198406  -2.56  -6.30  -1.26  -2.52  -1.40  -2.45  -1.68  -1.60  -3.49   0.51
198407  -0.74   0.73  -3.15   1.56  -3.49  -1.27  -4.42   3.26  -3.65  -4.88
198408  10.59  11.65  13.59   7.68  13.36  12.32  14.78   4.88  15.49   8.12
198409  -1.66  -1.80  -2.10  -1.87  -4.15   0.21  -4.33  -0.49  -4.22   0.39
198410   4.17   2.12   4.32   8.64   0.82   6.76   0.37   6.88   0.69  -2.56
198411   0.92  -0.16   0.46  -0.03  -0.40  -1.34  -0.84  -1.31   2.07   1.56
198412  -7.08  -6.14  -8.49  -4.02  -9.80  -3.08  -9.86  -4.44  -9.01 -12.54
198501   5.58   5.39   5.92   4.60   6.30   4.88   6.23   6.51   7.94  -8.72
198502 -10.27  -9.31  -9.10 -10.79  -8.40 -10.45 -10.56 -13.22  -6.68 -12.39
198503   3.19   3.55   2.96   1.32   7.04   3.96   8.01   1.27   6.56  14.17
198504  -1.74   1.31  -5.75   1.34  -0.39   1.66  -1.07  -3.52  -2.76  22.15
198505   1.03  -0.43   2.34   3.79  -3.31   1.33  -1.74   4.70  -3.21  -0.22
198506  -0.14  -0.08  -0.14   0.71  -5.05   2.77  -2.92   1.82  -4.91  -1.87
198507  19.62  18.94  18.17  20.63  16.72  18.33  17.31  25.24  17.58   7.10
198508  -4.33  -2.38  -4.60  -3.41  -8.94  -0.50  -5.98  -4.84  -8.04  -1.72
198509   7.08   8.74   6.48  10.67   0.90  11.69   1.29   9.17   3.38   3.19
198510   2.95   4.06   3.42   4.58   0.42   5.48   3.30   0.59   1.45   2.92
198511  -6.15  -5.02  -6.42  -5.53  -7.05  -4.38  -7.43  -6.82  -5.27 -11.92
198512   1.38   3.04  -1.44   3.15   0.68   4.95  -2.79   1.54   1.37  -6.10
198601  13.31  13.64  14.26  10.46  14.71  11.31  16.04  11.94  19.49   8.28
198602  -4.32   0.81  -3.72  -5.00  -7.75  -9.13  -4.32   3.82  -5.96  -4.24
198603  10.54  14.88  10.65   8.47  10.41   2.59  11.70  11.06  15.15   3.97
198604  10.47   2.66  12.77  16.94  -1.37  16.46   0.55  11.08   1.37  -2.61
198605  -0.16  -3.08  -1.95   0.97  -1.18   6.50  -2.51  -5.79   0.03  -4.13
198606 -11.17 -12.72  -9.24 -11.37 -11.38  -8.57 -11.61 -11.80 -12.48  -8.54
198607 -15.50 -14.67 -16.98 -16.19 -15.33 -16.18 -11.45 -14.55 -13.51 -14.49
198608   6.81   5.75   9.38   3.33   8.59   2.96   8.66   6.63  13.32  11.47
198609   8.26  10.71   6.60   5.73  14.03   5.66   8.30   5.02  12.38  16.18
198610  13.32  11.36  15.67  11.44  15.34  10.89  16.19   9.25  18.09  14.49
198611   1.68  -1.90   2.31   3.21  -2.08   3.07   0.12   4.20  -2.32   7.43
198612   9.02   6.62  14.69   6.49   9.99   7.31  14.90   7.55   9.88  10.16
198701   0.87  -0.14   0.52   1.09  -0.21   1.45   1.14   1.57   0.67   5.96
198702  10.92   3.08  17.97   4.83  14.37  12.06  17.97   7.80  15.08   8.03
198703  11.88  10.06   7.60   7.66  10.08  17.02  11.24  16.12   8.99  33.14
198704   4.12   9.87  -0.54   3.06  11.49   0.51   3.68   0.84   9.70  11.91
198705   3.62   2.18   1.00   5.95  -1.30   7.49  -0.22   8.01  -1.08   2.24
198706   1.20   1.12   0.01   2.09  -2.87   3.68  -0.99   3.50  -2.18  -9.38
198707  11.48   9.93  13.62   7.15  19.36   9.49  19.17   3.81  21.98  18.37
198708   8.70  11.32  11.26  12.94   7.88   5.84  10.27   7.84  11.33  -5.87
198709   5.63   5.64   4.98   6.25   5.65   5.00   6.12   5.85   5.77   0.34
198710 -45.21 -43.93 -52.22 -44.01 -50.66 -41.32 -50.82 -36.10 -54.11 -50.59
198711   8.64  12.28   7.69   8.83  13.74   5.04  11.69   4.11  12.82  16.82
198712   4.97   5.31   2.43   2.06   8.13   5.62   7.41   4.77   9.44   0.60
198801  -6.16   1.89 -10.69   0.62 -15.77  -0.52 -15.49   0.36 -13.26 -15.67
198802   1.52   1.59  -0.31   1.95  -1.11  -0.52  -2.73   2.22  -1.51   3.08
198803  17.81  19.67  19.29  18.22  23.46  17.69  23.25  16.60  24.00  12.44
198804   5.94   6.77   5.57   7.27   5.89   7.55   4.53   6.57   6.57   4.40
198805  16.05  15.50  16.18  13.25  19.29   7.93  18.83  17.79  14.19   5.73
198806  -1.99  -3.24  -1.10  -4.43   3.18  -2.60   2.63  -4.79   2.33   1.83
198807   5.08   4.62   4.51   5.98   4.93   4.64   4.97   6.06   4.34  -1.65
198808  -1.93   0.32  -3.19   0.35  -5.57  -2.85  -4.33   1.10  -5.44  -8.56
198809  -3.37  -0.11  -6.26   0.40  -7.13  -3.33  -7.90   0.12  -6.57  -8.82
198810   7.29   7.01  10.32   6.74  11.72   7.89  10.78   6.82  12.20  13.48
198811  -0.81   0.99  -0.38  -0.10  -0.68  -3.13  -1.21   1.55  -1.91  -1.83
198812  -1.11  -1.89  -2.04  -1.88  -2.07   1.60  -1.32  -2.32  -3.29  -2.33
198901   8.94   9.66   8.25  11.05   8.87  11.51   8.97   9.06   8.83   6.80
198902 -13.86 -13.04 -15.52 -12.83 -14.61 -13.18 -13.45 -13.87 -13.36  -8.97
198903   0.87   3.98  -0.14  -0.29   0.20   2.33  -0.19  -1.43   1.24   4.29
198904   0.74  -2.64   2.38  -2.27   1.51   0.26   1.71  -1.59   1.43   0.36
198905  -2.56  -1.25  -3.74  -3.48  -3.83   0.02  -3.24  -4.53  -0.53  -3.18
198906   0.67  -0.03   0.96  -2.21   3.12   1.46   3.13  -1.48   3.40   1.01
198907   9.22   7.22   8.81   7.42   9.51  10.95   8.24   6.78  11.71   8.47
198908   8.45   5.64   8.91   5.27  10.06   8.20   9.87   6.29   8.23   9.70
198909   0.27  -0.13  -1.10   3.52  -0.01  -0.77  -0.79   4.26  -1.49   0.71
198910  -3.78  -7.98  -2.66  -4.13  -3.61  -5.89  -3.03  -2.73  -5.34  -3.54
198911  -1.48   0.69  -1.92  -0.18  -1.35  -2.57   0.93  -2.40  -1.05   2.72
198912   4.59   2.04   4.30   3.04   2.96   4.95   3.51   3.76   4.59   2.51
199001   0.24   1.33  -0.01   0.48   2.15  -3.13   0.45   2.13   1.32   0.63
199002  -6.87  -8.30  -6.63  -8.07  -6.41  -7.68  -8.41  -6.88  -6.16  -6.61
199003  -1.91  -1.69  -2.32  -3.10  -0.26  -2.31  -1.66  -3.51   0.51  -2.75
199004  -6.42  -5.78  -6.85  -6.57  -7.98  -7.88  -6.37  -5.70  -8.06 -10.06
199005   8.89   6.03   9.05   8.23  11.37   7.82   8.21   8.69   9.95   7.43
199006   4.14   2.69   3.60   3.72   2.63   4.02   2.38   3.62   4.90  -1.06
199007   5.77   4.29   8.83   2.51   7.19   2.75   7.72   1.82   8.48   6.87
199008  -1.92  -2.81  -0.24  -4.48  -3.63  -7.19  -1.10  -3.73  -2.26  10.53
199009  -5.37 -10.72  -3.40 -11.08  -3.79 -11.02  -4.90  -7.67  -5.77   0.67
199010  -9.20 -12.14  -6.89 -13.21  -7.99 -14.95  -7.62  -9.63  -9.14 -11.01
199011  -0.32   3.05   1.27  -1.71   2.02   0.94  -0.68  -2.75   1.71  -2.24
199012  -2.78  -6.76  -2.33  -6.12  -1.36  -2.25  -2.01  -3.44  -3.94  -4.33
199101   5.00   9.45   3.42   5.65   2.12   3.07   1.67   9.62   3.12  -0.40
199102   6.97   9.87   6.93  10.31   5.97  12.51   5.42   6.97   8.44   1.72
199103   1.56  -1.39   1.07   0.72  -0.47   2.34   1.17  -2.75   2.08   3.15
199104   8.03   8.41   8.74   5.64   8.35   4.57   7.31   7.43  10.31   3.34
199105  -4.09  -5.46  -3.99  -4.45  -3.88  -8.79  -5.39  -1.59  -3.36  -6.08
199106   1.00  -5.58   1.21  -0.19   0.67  -5.82   0.82  -1.09   0.48   2.66
199107   6.45   8.54   5.61  10.54   4.52   9.92   4.61   5.75   5.23   5.12
199108  -1.25   1.94  -2.05  -0.88  -1.66   1.71  -1.72  -0.93  -0.10  -4.42
199109   3.51   4.56   2.95   5.11   4.66   8.70   2.84   3.64   3.28   7.30
199110   6.51  10.85   7.15   8.41   7.52   9.45   6.50   6.50   9.27  12.70
199111  -4.90  -1.57  -5.92  -2.08  -4.27  -0.45  -2.96  -3.31  -5.38  -1.08
199112   0.11   0.94  -0.76   2.26  -0.65   2.37  -1.94   2.10  -0.86  -6.72
199201  -3.25  -3.67  -3.83  -1.04  -2.55  -0.09  -2.41  -4.66  -0.31  -5.14
199202   0.15   3.79  -2.04   5.61  -0.35   6.55  -1.70  -0.47   1.38   0.14
199203   0.67  -0.31   0.24   1.26   0.61   0.92  -0.57  -1.04   2.07   0.01
199204   3.65   3.49   4.31   4.06   3.79   2.68   2.21   3.91   2.53   1.81
199205   1.55   1.17   1.12   5.07   0.88   5.92   0.24  -1.67   3.42  -0.15
199206  -3.21  -4.37  -2.25  -3.72  -3.40  -3.28  -2.75  -2.27  -2.93  -3.56
199207  -2.11   1.99  -3.82   1.67  -4.15   1.83  -2.68  -0.81  -3.23   1.56
199208  -8.00  -4.51  -8.62  -2.74  -9.55  -3.39  -7.62  -9.11  -7.15  -7.85
199209  -4.26  -2.15  -3.65  -1.57  -5.68  -2.30  -6.89  -2.30  -4.76  -6.82
199210  -6.41  -1.62  -7.01  -3.53  -7.15  -3.97  -6.36  -5.81  -6.77  -8.66
199211  -0.31   4.63  -1.17   1.34  -0.74   1.65  -2.29   2.00   0.45  -5.57
199212   8.57   5.42  10.32   5.74  10.92   6.25   4.83   7.70  10.36   3.05
199301  -2.47  -1.40  -2.43   0.40  -3.25   0.99  -2.94  -1.13  -2.74  -0.63
199302   9.96   9.25   9.41   9.16  10.99   8.46   7.90  11.99   9.11   7.06
199303   4.02   5.25   2.49   6.80   3.49   6.50   0.93   9.22   1.77   5.01
199304   0.78   5.26  -1.02   4.12  -1.06   1.92  -0.32   3.15  -0.32   6.06
199305   0.71   5.46  -1.25   6.83  -2.08   7.08  -1.79   4.94  -1.58   9.57
199306  -2.91  -2.03  -3.79  -2.03  -3.94  -3.00  -3.35  -1.23  -3.20  -6.17
199307   9.69  12.92   8.33  11.67   8.58  10.24  11.71  10.56  10.90  12.49
199308   4.19   2.50   4.51   2.15   5.09  -3.41   5.30   3.92   6.39   4.42
199309  -4.00  -9.62  -4.07  -3.37  -5.33  -4.30  -2.15  -5.97  -3.02  -4.71
199310  12.01  13.64  12.71  10.15  12.58  13.32  12.07   9.94  12.49  16.23
199311  -6.27  -3.70  -7.21  -5.43  -5.82  -4.69  -8.29  -4.43  -6.94  -7.62
199312  11.35  12.48  12.04   9.99  13.67  12.62  11.10   9.03  11.64  16.98
199401  11.09  14.83  10.04   8.60  13.71   9.48  11.22   9.41  10.36  17.49
199402  -5.05  -5.79  -6.16  -5.12  -6.50  -4.19  -4.37  -3.37  -5.79  -4.27
199403  -7.30  -8.25  -6.32  -7.13  -5.91  -6.11  -7.04  -6.43  -5.61  -6.15
199404   3.58   3.19   2.97   3.15   3.17   4.25   4.06   2.91   4.19  -2.79
199405   3.92   1.15   7.49   2.75   8.66   5.90   3.18   2.15   4.77   4.48
199406  -5.44  -4.66  -3.72  -4.40  -4.42  -4.16  -7.04  -4.89  -6.19  -5.23
199407   5.29   5.18   5.40   4.09   5.59   6.26   4.94   4.81   4.57   7.93
199408   4.41   0.38   6.81   0.54   7.21   4.88   6.58   1.83   6.02   6.25
199409  -4.57  -3.18  -3.12  -3.00  -4.08  -3.89  -4.43  -3.22  -3.07  -4.49
199410   1.65   3.31   2.46   1.75   3.96   0.75   0.76   0.87   1.25   2.05
199411  -3.20  -1.68  -5.25   1.04  -5.89  -2.56  -5.86  -0.64  -5.99  -5.71
199412   2.53   3.59   3.06   3.04   2.97   1.85  -0.61   3.88  -0.64  -0.75
199501  -5.91  -1.37  -8.42  -2.01  -9.13  -6.05  -9.43  -2.80  -6.99 -13.59
199502   3.60   8.31   0.80   6.68   0.08   2.08   2.15   3.63   3.38  -1.63
199503  -1.07   1.10  -2.96   1.21  -2.25  -3.30  -2.55   0.27  -1.30  -2.31
199504   6.91   3.95   9.94   4.07  10.52   5.97   8.34   4.74   7.94  11.07
199505  -2.53   0.83  -4.21  -0.36  -4.57  -4.69  -4.24  -3.30  -1.65  -4.45
199506  -0.93   0.21  -0.67  -0.59  -0.67  -1.70   0.12  -2.59   0.03  -4.45
199507   9.89   5.16  13.82   5.05  15.10   7.10  14.07   5.45  12.98  12.78
199508   2.81   2.87   2.66   2.95   2.88   1.45   3.58   4.43   1.47   8.85
199509   0.42   1.74  -2.01   2.14  -1.87   2.28   0.41   3.54  -2.32   0.56
199510  -2.05  -3.13  -1.68  -3.31  -2.05  -3.15  -1.97  -1.97  -3.43  -3.70
199511   2.48   3.05   2.78   2.92   3.59   1.34   4.47   1.96   3.47   4.25
199512   2.38   3.85   1.35   3.88   1.36   4.20   0.45   3.69   1.73   1.02
199601   4.25   2.13   2.36   6.74   3.79   4.17   4.22   5.53   1.52   7.69
199602   2.74   5.19   3.95   0.38   3.96   5.42   3.83   0.88   4.23  11.15
199603  -0.35   0.56   0.20  -2.16   0.25   0.70   1.72  -3.02   1.21  -1.32
199604   4.89   1.80   7.29   3.80   6.78   4.56   4.55   3.12   5.93   7.37
199605  -0.84  -2.12  -0.85  -0.41  -0.93  -1.18  -1.06   0.69  -1.69   6.11
199606  -2.28  -0.07  -4.31  -0.92  -4.70  -1.11  -1.33  -0.17  -3.59 -10.77
199607  -3.97  -8.09  -4.51  -1.85  -4.09  -3.94  -5.72  -2.57  -5.92  -1.26
199608   5.91   4.62   4.53   6.70   4.72   3.85   6.15   5.87   5.14  11.51
199609   1.46   0.30  -1.77   5.62  -2.98   3.04  -0.79   5.06  -2.45  -3.89
199610   3.06   2.97   2.35   3.54   2.96   0.71   3.13   3.09   2.79   8.94
199611   5.17   1.18   4.66   7.65   4.22   4.90  -0.96   7.58   3.13   7.03
199612  -0.34   1.65  -1.17   0.05  -1.95   7.77  -0.37  -0.20  -1.81  -4.66
199701  -3.86  -4.53  -6.01  -0.98  -5.16  -3.39  -5.89  -1.00  -5.23  -5.56
199702   3.31   5.61   0.23   4.68  -0.07   6.86   1.01   4.97   2.89   2.91
199703   0.08  -2.47   0.10   0.09   1.36   3.07   1.33   1.33  -2.87  -5.34
199704   2.97  -0.37   6.22   2.86   4.52   2.18   4.31   4.12   2.47   0.35
199705   2.80   1.38   2.80   3.44   3.70   1.33   2.88   3.82   1.86  -2.28
199706   4.08   5.98   3.14   5.87   1.82   7.17   2.85   5.19   3.89  -4.49
199707  -0.55  -1.68  -3.95   2.34  -4.22  -1.87  -1.63   1.64  -2.36  -7.64
199708  -6.83  -5.74  -6.69  -7.46  -8.04  -6.25  -8.11  -7.09  -7.24  -8.21
199709   6.43   7.70   2.81   9.84   1.55   3.38   7.72   9.39  10.96   1.63
199710 -12.98 -10.85 -14.94  -9.91 -17.42 -12.97 -18.21 -11.69 -13.63 -21.10
199711  -2.42   1.38  -5.68   0.30  -5.98  -3.16  -4.22  -1.52  -1.37 -16.02
199712   2.17   1.58   2.96   2.26   2.34   1.65   1.72   1.55   3.11  -0.79
199801   6.49   8.05   6.13   4.21   7.58   5.83   9.58   4.08   7.72  15.89
199802   2.56   0.70   5.59   0.76   5.59  -0.53   1.10   0.00   6.17  -0.36
199803  -0.44  -0.87  -1.93  -0.65  -1.53   1.79  -0.13  -0.35  -0.86   0.21
199804  -1.48   0.04  -2.83   0.91  -3.93  -2.42  -1.10   0.72  -3.32  14.44
199805  -4.55  -4.15  -3.02  -1.95  -4.32 -10.18  -5.66  -1.29  -4.07 -19.86
199806  -0.12   7.24  -1.81  -5.03   3.27  -3.53   6.91  -4.12   8.99  -8.29
199807  -0.15  -3.17   4.17   3.07   1.19  -2.46  -4.77   2.25   0.34  -0.91
199808 -13.18 -13.96 -11.15 -14.02 -13.05 -14.34 -15.52 -12.78 -13.40 -23.53
199809   8.56   9.64   8.83   6.28   9.65   8.29   8.55   5.67   8.43  31.08
199810   8.54   7.27   7.55   8.03   8.37  14.94   9.32   7.54   9.16  10.48
199811   6.67   4.51   9.38  11.28   7.57  -2.05   3.77  10.15   6.73  -3.88
199812  -0.01  -1.87   2.51   1.16   2.02  -3.59  -0.58   0.61   0.89   1.26
199901   7.17   2.83   8.99   5.49   8.39   0.04  11.52   3.05  11.29  -3.17
199902  -2.88   0.67  -4.35   0.40  -4.34   3.23  -4.50  -1.98  -4.38  -6.89
199903   5.32   2.99   3.67   7.10   3.92   7.61   3.37   2.16   3.59  -1.11
199904   9.82  17.31   6.38  11.07   9.84  24.86   7.51  11.99   7.81   8.22
199905  -7.62  -7.26  -7.32  -8.84  -7.23  -6.87  -6.23  -4.38  -6.14  -7.52
199906   5.42   7.50   7.62   2.41   8.83  11.37   8.59   1.99   8.34   0.65
199907  -0.36   2.61  -1.04  -2.37  -1.37  -1.25  -0.63   1.96  -0.58   3.90
199908  -5.04  -4.33  -3.42  -3.26  -5.16  -3.72  -6.29  -3.61  -6.45 -10.63
199909   0.95   3.19   0.05   0.08   1.05   4.93   0.73  -0.81   0.57  -1.27
199910  -2.18  -8.67  -1.53  -0.60  -3.02  -7.85  -2.12  -6.92  -2.35   4.88
199911   6.57  -0.13   7.91   0.17   9.14   2.52  11.70   2.23  12.01  -6.29
199912   5.59   6.41   0.78   4.62   3.73  14.05   1.28   6.74   1.27  15.96
200001  -4.14  -8.17  -6.98  -5.68  -1.88  -5.13   0.01  -4.90  -2.89 -23.39
200002  -2.54 -10.60  -5.38  -7.14   0.90 -12.92   3.64  -8.90  -0.21 -12.37
200003  -1.13   1.46  -0.89  -1.05  -0.71  -1.82  -2.55  -2.75  -0.51 -16.57
200004  -3.17  -3.36  -4.13   3.96  -6.88  -0.97  -8.22  -0.52  -5.60  -9.69
200005  -3.16  -2.29  -4.14   3.93  -6.71  -2.99  -7.02  -1.13  -5.51  -0.65
200006  12.77  10.28   9.71  11.06  13.73  13.52  13.13  13.09  14.11  17.79
200007  -4.31  -0.88  -2.47  -4.65  -5.00   3.25  -4.22  -0.19  -5.05  -2.02
200008  -0.12   2.28  -3.39   0.89  -0.84  -3.52  -2.19   0.16  -0.39  -2.72
200009  -5.75  -9.06  -8.56  -6.43  -4.34 -11.31  -3.80  -9.04  -4.03 -11.39
200010  -5.12  -3.22  -1.16   0.56  -9.31  -0.58 -10.39  -2.03  -9.20 -11.90
200011   1.97   5.37   2.82   9.02  -3.05   3.95  -3.81   4.87  -2.54  -0.92
200012   3.98   9.62   5.28   3.25   2.36   7.85   1.65   8.54   3.20  10.18
200101   3.93  -0.25   2.38   3.19   7.80   2.82   9.03   2.67   6.22   1.53
200102  -5.55  -5.96  -6.78  -3.63  -6.71  -7.88  -6.02  -6.28  -3.70  -4.79
200103 -10.95  -9.45  -7.36 -11.62 -13.94 -11.03 -15.65  -9.97 -14.00 -12.66
200104  10.77   6.96   9.95   9.54  13.66  10.97  16.45   7.10  14.74   3.82
200105   0.88   3.99   0.11   7.30  -1.09   7.73  -3.63   2.86  -0.95  -1.32
200106   2.81   6.38  -2.65   8.70   6.49   5.81   5.64   3.82   4.02   8.34
200107  -4.98  -1.82  -5.97  -5.21  -3.70  -0.91  -1.04   0.47  -3.72  -5.40
200108   2.15   3.60   3.06   5.15  -1.19  -1.21  -4.73   2.67  -2.55  10.72
200109 -11.53  -8.19  -7.04 -17.05 -14.16  -6.95 -13.78  -6.57 -13.04  -7.72
200110   8.38   6.48   3.27  15.52  10.19  10.06   7.82   8.66   6.72  10.73
200111   6.69   6.56   8.41   5.06   3.62  12.36   6.41   7.48   7.54   0.40
200112   1.21   1.72   0.05   1.18   2.77   0.97   2.16  -0.26   1.98   0.42
200201   0.23   1.51   0.05   2.63  -5.28   3.73  -6.48   4.01  -6.56   2.62
200202   0.48   4.50   1.66   5.19  -5.21   6.70  -5.53   3.46  -6.41  -0.22
200203   4.08   4.08   3.78   0.53   7.08   2.86   7.40   3.09   7.98   3.95
200204  -1.19   0.86  -1.73   2.58  -3.70  -3.54  -4.67   2.91  -4.74   0.96
200205   6.20   7.64   3.45   9.30   4.79   7.89   6.43   8.33   7.04  11.38
200206  -5.23  -1.32  -3.19  -2.35 -10.85  -3.30 -13.41  -1.09 -12.51 -10.16
200207  -6.33  -2.48  -5.66  -6.89  -8.14  -3.42  -7.04  -5.01  -7.74 -12.98
200208   2.43   1.75   1.18   3.62   1.59  -0.22   2.34   1.74   0.87   8.22
200209  -5.65  -3.78  -5.25  -6.63  -5.54  -5.25  -6.54  -3.45  -7.34  -2.38
200210   5.29   4.94   4.20   5.08   7.37   5.88   8.06   3.76   8.72  -2.27
200211   2.54   4.24   1.17   0.17   9.03   5.06  11.21  -2.33   9.14   5.23
200212  -1.59   2.21  -1.70  -1.86  -4.25   2.34  -4.93   1.35  -3.89  11.24
200301   2.78   4.33   2.95   4.61   2.16   5.25   2.71   4.50   1.03   6.57
200302  -2.38  -0.90  -1.88  -1.97  -6.10  -5.05  -5.81  -1.89  -2.75  -9.30
200303   2.98   2.29   2.25   6.23   2.74   0.91   2.03   4.31   2.85  -1.86
200304   8.47   8.08   7.82   8.12  10.81   8.99   9.89   7.72   7.80  10.76
200305   4.82   4.69   5.55   5.53   2.44   6.80   5.38   8.24   3.42   4.58
200306   3.48   1.66   3.40   4.26   2.87   3.44   2.14   3.33   2.41   3.59
200307   0.27  -0.04   1.31  -3.03   0.16   2.72   1.66  -0.59   1.97   5.42
200308   3.11   0.43   3.52  -2.88   6.83   5.24   7.40  -0.32   8.14   6.61
200309   3.26   5.82   3.42   5.74   1.67   1.32   0.43   3.51   0.99   9.62
200310   8.60   9.88   8.44   6.52   8.71   7.26   9.94   6.25  10.10  10.44
200311  -0.38   1.60   1.04  -3.02  -1.89   1.79  -1.34   2.28  -0.94  -1.54
200312   7.91   7.99   7.54   8.49   7.15   4.99   6.31   7.23   8.01   5.62
200401   0.49  -1.29  -1.15   1.64  -1.58   1.64   0.39   2.99  -1.61  -3.77
200402   4.26   4.53   3.31   4.79   5.53   2.19   3.55   3.13   6.18  -0.33
200403   0.41   2.27  -1.14   2.40  -1.39  -3.01  -1.58   0.87  -1.12  -3.46
200404  -4.91  -5.92  -5.31  -7.45  -2.31  -3.53   0.42  -6.09  -2.87  -8.66
200405   0.86   4.05   0.74   0.81   1.31  -0.95   0.43   0.70   1.84  -1.62
200406  -0.18   1.15   1.17  -0.74  -0.98   4.10  -2.15  -0.21  -0.38   4.77
200407   0.43   2.41   2.17  -1.21   1.58   0.87   0.48  -1.78   2.05   3.10
200408   1.20   2.97   1.74   2.77  -0.98   1.13  -2.75   1.17  -1.62  -2.27
200409   5.89   3.90   6.78   6.42   8.11   2.57   7.01   3.95   7.63   8.22
200410   6.13   5.54   4.76   7.09   3.17   4.32   6.02   7.41   2.50  20.73
200411   8.33   8.09  11.76   5.63  11.56   9.14   8.17   5.48  12.02  11.41
200412   4.35   5.51   2.18   4.27   5.16   2.69   7.89   4.07   4.69   1.30
200501   0.74   0.45   1.94   0.19   0.83   0.94   0.28  -0.24   2.79   2.57
200502   4.90  -0.27   8.65   4.44   3.95   6.22   2.83   4.56   8.31   3.58
200503  -3.87  -3.06  -4.35  -4.02  -2.12  -4.38  -0.39  -4.16  -5.72  -0.73
200504  -1.44  -2.14  -5.40   0.48  -2.45  -4.56  -1.94   1.63  -5.20  -0.28
200505  -0.10  -1.30   0.53  -0.25  -0.71   0.56  -0.46  -0.59   0.99  -2.75
200506   5.26   4.53   7.80   2.04   8.48   4.18  11.21   2.42   8.74   3.62
200507   2.42   1.91   3.28   0.99   3.14   2.32   2.46   1.11   4.59   0.17
200508   0.95   1.63   1.78  -1.23   3.90  -2.00   4.94  -1.19   2.22  10.00
200509   5.35   5.03   4.56   3.14   5.95  -1.75   7.81   3.23   8.29   7.69
200510  -5.19  -6.04  -6.71  -2.78  -6.19  -2.98  -8.37  -1.92  -7.16  -3.27
200511   2.64   4.36   2.60  -0.61   6.06  -1.66   4.32   1.19   4.93   3.02
200512   2.47   2.75   3.94   0.44   5.74   3.10   3.78   1.60   3.53  -1.29
200601   7.49   4.58   9.45   7.89   5.91   6.60   5.08   5.01  10.87  12.21
200602  -2.05  -0.57  -4.07  -3.80  -3.19  -4.35  -0.74  -0.20  -4.26 -12.48
200603   0.43  -2.73   3.19  -2.35   2.11  -2.17   0.48  -3.55   6.88  17.37
200604   9.33   5.80   9.62  10.04   8.46   8.57   8.32   7.72   9.84  23.54
200605  -5.49  -4.02  -5.04  -6.84  -5.30  -6.09  -5.06  -4.77  -5.27  -7.41
200606   0.71   1.22   0.15   0.91  -0.60  -1.93  -0.72   1.11   0.12  -2.05
200607   1.74   3.42   0.31   3.79   0.16   4.41  -0.61   5.79  -1.22   0.01
200608   2.23   4.59   0.29   0.82   1.58  -0.80   1.49   0.51  -0.29   6.67
200609  -1.53   1.82  -3.11  -0.25   0.03   0.77   1.74   0.57  -4.24  -5.25
200610   8.65   7.49  10.15   8.56   8.00   9.49  10.80   8.20   9.79  -0.11
200611   3.38   8.37   1.98   2.37   6.02   3.41   6.67   5.14   2.30  13.49
200612   3.59   4.59   3.41   5.67   2.98   6.52   3.67   6.42   0.65   3.12
200701   0.17   1.58   0.01   0.28  -0.79  -0.01  -0.75   1.33   0.93  -3.41
200702   3.34   0.98   6.29   3.04   4.69   5.75   3.82   1.92   5.29   7.66
200703   5.88   1.72   8.17   5.80   5.84  10.30   6.66   4.74   7.42   5.41
200704   5.64   4.95   4.29   4.83   6.12   4.17   7.23   5.61   3.98   1.64
200705   2.21   3.82   3.19   4.46   0.55   6.79   2.06   1.27   3.61  -2.69
200706   2.73   0.13   5.36   5.63   1.32   6.49   1.46   0.33   6.50  -2.37
200707  -2.07  -2.89  -1.23   0.18  -3.00   1.72  -3.00  -2.51  -0.03  -5.36
200708  -0.74   1.56  -0.12  -0.76   1.53  -2.21  -4.10  -0.79   1.28 -10.48
200709  14.70  10.59  18.42  18.76  14.16  20.16  16.39  11.60  18.90  39.12
200710   7.96   3.39   8.50   7.11   7.56   8.20   7.03   7.24   7.63  10.53
200711  -8.10  -8.55  -6.91  -8.01  -7.23  -6.61  -7.14  -8.32  -6.23 -14.82
200712  -3.17  -1.62  -3.52  -6.53   1.22  -5.91   2.00  -2.34  -5.13  -5.80
200801  -9.39  -9.49  -9.24  -8.34  -8.96  -8.58 -10.39  -9.61  -8.03 -13.37
200802   4.40  -0.28  12.21   1.30   7.25   6.15   6.80   3.05  10.44  13.24
200803  -6.09  -4.73  -8.10  -5.40  -5.21  -5.76  -5.21  -5.35  -8.07 -11.34
200804   8.14   8.94   9.85  10.21   3.87   7.27   5.24   6.48  12.47   8.41
200805   4.24  -1.17   7.04   1.72   4.34   1.54   4.23  -0.99   5.04  18.25
200806  -7.00 -10.14  -2.29  -7.65  -6.69  -8.95  -7.19 -13.07  -3.03  -2.46
200807  -7.01  -3.13 -11.46  -8.54  -5.49  -3.68  -5.73  -0.30  -8.64 -17.06
200808  -5.38  -5.77  -5.51  -5.91  -4.99  -5.77  -4.33  -5.10  -4.34 -12.83
200809 -17.35 -14.08 -23.64 -17.80 -16.26 -13.16 -15.04 -13.07 -23.28 -25.65
200810 -27.69 -30.30 -29.57 -28.48 -29.02 -28.55 -30.53 -27.84 -27.11 -39.61
200811  -9.06  -6.92  -7.79  -3.44  -8.44  -5.48  -8.15  -7.20  -6.84 -13.53
200812   7.05   5.32   7.89   5.89  11.87   3.45  11.90   3.72   7.93  12.84
200901 -13.62 -15.53 -12.08 -13.90 -10.89 -12.19 -11.05 -16.30 -10.10  -9.91
200902  -3.52 -13.23  -1.77  -3.63  -2.35  -6.06  -3.25  -8.03  -1.81   6.02
200903  17.09  20.95  13.78  22.45  10.43  19.31   9.94  24.56  15.82  14.60
200904  11.37  16.92  10.41  11.44   8.55  12.49   9.34  12.91   9.87  11.72
200905  12.80  15.38  11.71  14.83  11.06  14.11   9.64  13.57  11.87  24.70
200906   4.70   6.59   3.32   5.52   1.71   4.69   1.88   8.77   1.60   2.69
200907  11.49  12.87  10.78  13.88   7.58  13.28   7.25  14.49  10.28  12.07
200908   7.68   9.20   5.51   7.44   6.06   4.31   3.88  11.35   2.85   6.67
200909  11.00  13.85   8.91  12.70   9.37   9.55   9.62  14.88   9.03   7.74
200910   0.10  -1.95   0.04  -0.20  -1.36   0.90   0.40  -0.11   0.47   2.09
200911   3.98   2.11   4.39   5.22   2.62   5.94   3.95   1.57   7.69   8.47
200912   1.45   2.12   1.49   1.26   0.28   0.78   0.63   1.02   1.21  -0.71
201001  -7.23  -6.51  -8.81  -6.10  -8.75  -6.04  -7.76  -5.50  -9.44  -7.93
201002   2.96   3.56   4.99  -0.97   3.62   0.36   1.89   2.20   2.22  -0.39
201003   8.47   5.40  10.18   7.08   9.90   8.55   9.14   5.90  11.74  11.46
201004  -0.07   1.02  -2.54   3.13  -1.59   1.62   0.82   2.92  -1.63   0.18
201005 -15.97 -14.54 -16.16 -16.25 -15.13 -16.16 -16.16 -16.38 -14.78 -17.61
201006  -3.27  -3.93  -3.58  -1.43  -1.74  -2.94  -1.29  -2.03  -2.01  -6.27
201007  12.46  12.98  12.77  10.63  11.91  10.96   9.32  12.90   9.73  14.49
201008  -2.16   1.08  -3.68  -2.24  -4.15  -1.53   2.56  -4.42  -0.06   0.99
201009  14.12  12.91  16.21  11.34  15.27  12.48  15.11  12.43  14.73  20.28
201010   3.96   2.83   6.12   3.75   6.48   3.84   5.09   2.31   3.34   9.23
201011  -3.04  -3.97  -2.72  -2.45  -1.34  -3.34  -0.79  -4.29  -2.76   1.19
201012  10.88  10.31  11.23  10.67  11.61  10.06  10.38   9.33  10.68  16.09
201101  -2.48  -2.18  -4.63  -1.42  -5.40  -1.84  -4.11  -0.54  -4.75  -4.50
201102   4.55   3.41   4.77   4.08   4.32   3.67   4.69   4.80   5.09   5.08
201103   1.97  -0.02   2.99   1.29   2.60   0.84   2.47   1.44   3.65   0.72
201104   5.57   5.10   4.09   6.05   4.43   4.17   5.34   8.10   4.50   3.08
201105  -4.75  -4.09  -4.26  -4.82  -3.66  -3.76  -4.15  -6.25  -4.86  -3.63
201106  -2.03  -2.14  -3.07  -0.86  -2.60  -3.64  -2.35   0.20  -2.97  -6.25
201107  -0.51  -1.63   0.80  -0.93   2.97   0.36   2.25  -2.54  -0.17   5.70
201108  -4.99  -4.34  -5.82  -3.81  -6.72  -4.08  -5.35  -2.34  -7.40  -7.72
201109 -15.48 -13.65 -18.80 -13.24 -20.07 -12.63 -17.43 -12.89 -18.58 -22.71
201110  16.72  16.25  14.46  15.31  16.52  15.76  16.23  17.77  17.07  18.35
201111  -5.69  -3.99  -5.48  -5.01  -4.76  -5.37  -4.23  -5.05  -7.62  -5.88
201112  -2.09  -2.63  -3.16  -0.15  -4.66  -1.50  -1.76  -0.10  -3.87  -3.57
201201   9.48   9.59   9.71  11.27   9.20  11.71   9.78   7.53  13.16  12.93
201202   3.63   4.85   3.47   1.42   4.19   2.11   4.85   2.92   3.47   6.36
201203  -2.43  -2.61  -3.26  -3.03  -3.62  -3.80  -3.52   0.38  -5.21  -5.08
201204   1.78   0.95   2.20   2.93  -0.47   3.20   0.13   3.67   0.90  -2.04
201205 -13.15 -11.53 -13.25 -14.21 -13.50 -13.78 -12.91 -12.16 -15.45 -16.95
201206   5.40   2.25   4.39   5.44   1.60   4.65   3.57   8.57   3.19  -3.41
201207   6.28   4.86   4.62   5.84   3.52   6.19   4.74   8.98   2.91   1.78
201208   0.43   1.15  -0.54  -0.44   3.12  -0.21   1.98   0.93  -0.82   0.06
201209   2.63   1.97   3.97   3.46   3.63   3.64   4.45   1.31   4.85   5.74
201210   2.97   3.62   3.11   4.04   1.30   4.03   1.18   3.95   2.99  -0.71
201211   0.61   1.20   1.09   0.95  -0.09   2.04   0.70   0.61   0.40  -4.51
201212   3.12   3.52   3.81   5.02   0.90   4.91   1.30   2.37   4.66  -0.55
201301   5.31   5.63   4.26   5.55   4.74   3.88   5.26   6.83   3.42   3.75
201302   2.98   0.90   1.22   2.64   2.62  -0.17   1.50   4.94   0.69  -2.98
201303  -0.30  -0.58  -1.93  -1.07   1.88  -3.24   0.79   1.43  -4.50  -2.37
201304   3.16  -0.26   1.77   4.06   2.20  -0.28   3.28   7.43  -0.66 -10.15
201305 -11.78 -10.57  -8.36 -13.24  -8.16  -7.86  -8.24 -14.92  -6.91 -10.56
201306  -7.23  -9.65  -8.49  -6.94  -6.35 -10.43  -7.04  -4.37 -11.07 -15.46
201307   3.86   2.23   4.96   4.74   2.59   5.38   1.60   3.29   6.58  11.93
201308   1.52   1.90   1.86   2.38   0.15   3.67   0.32   0.27   2.96  -0.09
201309   7.31   7.93   7.10   9.05   5.89   8.06   5.25   8.12   6.73   6.11
201310   5.32   4.42   5.22   6.65   4.86   5.49   4.23   6.09   5.42   2.19
201311  -4.93  -5.33  -4.89  -4.93  -4.97  -5.40  -5.57  -5.16  -5.13  -5.99
201312  -1.33  -1.02  -0.25  -1.18  -0.58   0.26  -2.48  -2.21   0.42  -4.19
201401  -4.53  -2.03  -3.10  -5.43  -2.85  -4.73  -3.09  -5.07  -3.82  -1.54
201402   6.94   7.16   6.55   7.18   7.97   6.04   7.65   7.01   8.73   5.30
201403   4.12   1.86   4.31   3.75   4.72   3.01   3.79   4.99   2.90   1.41
201404   1.39   2.16  -0.68   2.92  -0.37   2.25  -1.31   2.36  -1.07  -2.83
201405   0.86   0.11   1.68  -0.50   2.79  -0.05   1.84   1.33  -0.17   0.80
201406  -0.14   2.18  -1.68   0.51  -0.27  -0.13  -0.41   0.11  -1.03  -0.06
201407   2.99   2.80   2.43   3.77   1.89   4.34   2.80   3.31   3.42   4.75
201408   1.22   2.33   2.63  -1.17   4.29   0.01   4.29   2.35   2.23   1.48
201409 -11.17 -10.42  -9.93 -12.21 -10.24 -11.37  -9.83 -11.59 -10.11 -10.36
201410   4.41   1.89   4.10   3.32   3.76   2.28   4.70   6.04   2.80  -2.86
201411  -6.42  -5.29  -5.27  -8.28  -5.47  -8.61  -4.06  -6.51  -5.81  -6.84
201412  -2.25  -1.31  -1.62  -3.70  -2.14  -3.13  -2.12  -1.69  -3.57  -3.36
201501  -2.12  -3.01  -1.49  -4.25  -2.88  -3.56  -2.40  -2.45  -3.81  -1.66
201502   7.58   7.71   5.42   9.19   7.44   8.59   7.26   7.25   9.21   6.37
201503  -3.07  -5.14  -2.41  -4.53  -3.14  -4.85  -1.68  -1.56  -2.04  -8.53
201504   2.52   6.40   3.13   3.33   3.92   5.15   3.12  -0.01   2.98   5.63
201505  -2.70  -0.79  -2.51  -2.01  -1.04  -1.37  -1.31  -3.42  -1.43  -1.01
201506  -4.47  -6.15  -4.70  -5.38  -6.71  -5.22  -5.68  -4.27  -5.85  -5.62
201507  -1.31  -3.49   0.57  -4.18   0.04  -3.30   1.96  -0.82   2.22  -3.46
201508  -9.64  -8.12  -8.36 -10.84  -6.45  -8.74  -6.46 -11.08  -8.78  -5.27
201509  -3.73  -2.74  -1.37  -6.01  -2.29  -5.50  -0.14  -4.95  -1.71   0.52
201510   6.30   8.02   5.15   6.77   6.91   6.87   8.17   6.06   7.15   7.21
201511   0.62  -2.26   3.45  -4.32   1.17  -5.02   4.73   2.47   3.66  -2.53
201512   3.43   3.25   3.29   2.19   1.83   1.94   2.74   3.36   4.18   2.22
201601  -7.89  -8.62  -4.64 -10.09  -6.41  -8.78  -5.48  -9.93  -5.48  -4.58
201602  -0.75   4.30   0.03  -2.16   0.10   1.02   0.89  -2.72   2.18   4.59
201603  12.30  13.87   9.61  13.21  10.20  11.84   9.78  13.43   9.63  10.69
201604   2.66   8.28   1.35   4.94   0.23   5.56   1.26   4.30   2.47   5.24
201605  -2.16  -6.09   1.08  -4.26   1.66  -4.18   1.51  -3.73   0.66  -2.59
201606   0.81   3.88   0.49   0.87   0.91   2.37   1.35   0.32   0.97   4.26
201607   8.35   9.44   8.16   9.12   9.44   9.28   8.36   7.82  10.51   9.99
201608  -2.28  -1.23  -4.67  -0.37  -1.42  -0.69  -3.91  -1.57  -2.77  -4.46
201609   2.40   3.67   0.41   3.48  -0.49   3.86  -0.62   3.27   0.33   5.20
201610  -2.69  -0.37  -5.93  -0.25  -6.80  -0.94  -6.23  -0.42  -5.52  -2.18
201611  -0.59   0.07  -3.90   0.92  -2.87  -1.19  -2.86   1.02  -3.17  -6.48
201612   1.62   2.21  -1.25   2.60  -0.68   1.73  -0.84   2.45  -0.68  -1.77
201701   4.61   3.76   4.27   3.26   4.34   4.03   5.87   2.98   7.76   7.90
201702   3.02   3.62   2.53   5.71   3.91   4.73   3.91   4.58   0.12   0.35
201703   2.80   2.66   3.45   2.44   4.48   2.32   4.67   3.12   2.45   0.52
201704  -1.50  -0.93  -1.35  -0.70  -1.33  -1.91  -0.43  -1.01  -1.47  -5.77
201705  -3.21  -5.35  -0.56  -6.33   0.24  -5.00  -0.08  -5.93  -0.71  -3.12
201706   3.64   1.93   4.92   3.37   1.98   3.52   3.79   4.17   4.83   2.90
201707   4.39   5.54   0.86   5.99   2.23   5.49   1.16   4.86   4.02   6.29
201708   0.10  -0.41   0.45  -0.38   3.26  -0.26   3.47  -1.93   2.68   2.50
201709  -1.34   0.37  -1.44  -0.34  -2.83  -1.10  -1.34  -1.10  -1.74   1.18
201710   1.65   0.99   2.86   0.36   2.61   0.83   2.64   0.64   3.05   3.47
201711   0.73  -0.07   1.64  -1.29   1.12  -1.80   1.96  -0.64   1.55   5.09
201712   5.24   5.33   5.12   4.08   5.06   4.28   5.21   3.55   6.64   9.57
201801   2.92   2.24   3.47   2.62   3.46   3.77   3.98   2.32   3.67   4.25
201802  -3.64  -4.73  -3.12  -4.17  -1.43  -3.88  -1.72  -4.07  -0.81  -5.36
201803  -4.50  -4.53  -3.11  -5.73  -3.86  -4.83  -3.76  -5.52  -4.10  -3.56
201804   1.32   1.98   0.27  -0.11   2.44   3.15   2.77  -0.66   3.88   0.03
201805   1.87   1.15   4.26   0.73   4.18   2.12   5.52   0.54   3.78   1.69
201806   0.57   0.42  -0.40   0.56   1.07  -0.22   0.91   1.19   0.82  -2.52
201807   1.63   2.33   1.45   2.35   0.49   1.90   0.79   1.96   1.12   0.83
201808  -1.69  -2.30   3.08  -2.50   3.16  -2.87   4.53  -1.93   2.58  -3.61
201809  -0.52   0.36  -3.72  -0.45  -4.21   2.52  -5.12  -1.25  -3.37   1.18
201810  -8.38  -8.44  -9.55  -7.60 -10.49  -8.56 -11.16  -7.30 -10.06 -13.38
201811   1.25   1.24   0.77   3.24   0.81  -0.62   1.64   3.69  -1.02  -1.04
201812  -4.02  -5.61  -4.02  -5.53  -4.03  -1.45  -4.58  -5.38  -3.76  -8.36
201901   7.27   7.88   8.15   7.03   9.55  10.38   9.51   4.63  10.19   8.57
201902   3.32   3.71   1.16   3.49   0.94   2.77   1.94   4.56   0.85   0.05
201903   1.08   0.25   2.27   1.21   1.48   3.50   1.78  -0.05   0.19   2.63
201904   1.40   0.04   3.55   0.35   2.24  -1.16   3.39   1.76   1.57   2.96
201905   0.11   0.52   0.38   2.13   0.04   0.20  -0.63   2.48  -1.68   0.05
201906   4.84   2.77   6.23   3.57   6.43   5.09   6.20   3.97   5.64   2.22
201907   0.20  -0.43   1.67  -0.42   2.83  -1.37   2.82  -0.37   3.46   3.37
201908  -3.63  -3.45  -2.48  -4.19  -1.28  -6.13  -1.43  -3.44  -1.75  -2.50
201909   2.45   4.15   0.48   3.84  -0.15   2.86   0.47   3.37   0.38   4.86
201910   1.69   1.05   4.22   0.37   4.04   2.24   4.33   0.09   3.55   0.23
201911   0.97  -1.32   3.88  -1.58   3.24   3.62   4.14  -1.74   3.51  -0.10
201912   1.72   1.98   0.77   1.72   1.16   2.61   0.97   1.70   1.89   1.51
