%    Value-Weight Dollar Returns      All 4 Data Items Not Reqd
%               -- BE/ME --   --- E/P ---   --- CE/P --   ------  Yld  -----
%         Mkt   High    Low   High    Low   High    Low   High    Low   Zero
197501  25.01  27.27  28.72  30.82  25.75  28.49  28.28  24.19  27.97  23.89
197502   2.17   2.43   1.84   4.71  -0.75   3.27  -1.24   2.30   0.31  -2.78
197503   7.47   8.59   9.09   9.61   6.86  10.17   9.13   7.29  10.10   1.29
197504   8.85   8.23   9.98   9.61   7.04  11.20   7.87   8.89  10.03  11.03
197505  -2.40  -1.78  -2.52  -2.27  -1.39  -2.93  -2.29  -1.89  -2.05  -7.83
197506  -5.76  -9.73  -2.74  -8.81  -2.19 -11.20  -2.52 -10.69  -2.42  -9.96
197507   0.12  -0.28   1.15   2.62   0.89   1.26   2.23  -0.56   1.40   0.11
197508  -0.12   1.50  -1.84   1.30  -1.72   2.28  -2.51   1.48  -1.95   0.63
197509  -7.04  -7.68  -7.08  -7.34  -6.79  -7.98  -7.09  -7.91  -7.29  -3.82
197510   7.81   6.78   8.77   9.37  10.26   7.01  11.30   6.32   9.48  -2.66
197511   4.02   5.26   3.51   5.96   3.12   7.64   4.48   5.65   3.76  10.80
197512  -0.99  -1.28  -0.54  -1.77  -0.34  -2.11  -0.88  -1.96  -1.79  -6.07
197601   1.78   6.75  -2.84   8.20  -0.47   9.70  -2.15   5.46  -3.01   6.01
197602   4.72   4.36   5.89   2.43   7.39   4.53   6.43   3.81   6.03   6.46
197603  -6.88  -7.71  -7.07  -5.43  -7.06  -4.43  -7.29  -7.37  -7.21  -5.92
197604  -4.08  -3.29  -5.06  -3.31  -5.06  -3.32  -4.73  -2.22  -6.05   0.26
197605  -1.27  -1.92  -0.46  -1.19  -0.54  -0.68  -0.90  -1.94  -1.10  -5.54
197606  -1.94  -3.52  -0.79  -1.05  -1.36  -2.25  -1.45  -4.67  -1.34  -1.14
197607  -8.27 -10.37  -6.52 -10.10  -7.67 -11.26  -7.59  -9.84  -6.94 -13.64
197608  -0.21   1.35  -1.01  -1.39  -0.54  -1.54  -1.03   1.59  -1.47   2.07
197609  -6.19  -7.83  -3.89  -8.62  -5.14 -11.15  -4.55  -7.02  -4.37 -15.95
197610  -7.41  -8.17  -8.01  -7.72  -8.84  -7.33  -9.33  -7.88  -8.16 -10.98
197611  -3.42  -5.46  -2.23  -6.16  -4.05  -8.20  -3.25  -2.93  -2.22  -9.64
197612  12.38  14.87  10.01  17.61   9.80  16.70   9.96  14.54  10.89   6.26
197701  -1.65  -0.50  -2.33   1.00  -1.09   1.63  -2.94  -2.25  -4.03  -3.94
197702  -4.21  -5.25  -3.57  -4.57  -4.67  -4.04  -3.96  -2.91  -4.36  -8.10
197703  -9.63  -4.91 -12.96  -8.09 -12.47  -6.66 -14.36  -3.77 -15.97  -7.02
197704  -1.92  -3.10  -1.27  -0.95  -2.43  -1.96  -2.57  -1.40  -1.48  -8.65
197705   5.03   6.89   4.06   6.48   3.71   8.35   4.61   5.46   3.34  -1.81
197706   6.72   7.97   5.48   7.00   7.82   6.89   6.67   4.30   8.51   7.64
197707  -2.62  -3.72  -2.35  -3.54  -2.13  -6.14  -2.99  -3.06  -2.73  -4.89
197708   7.83   7.74   5.95   8.01   5.84   8.40   6.15   8.86   8.10  10.40
197709   6.06   4.90   7.19   7.76   4.26   7.11   5.85   4.98   7.31  -3.99
197710   4.68   1.38   5.55   6.09   4.07   2.07   3.56   3.47   3.67   2.51
197711  -4.09  -4.82  -0.88  -6.35  -6.15  -5.21  -6.81  -4.49  -7.80  -4.76
197712   0.06   0.16  -0.02   0.96  -2.27  -0.45  -2.30   1.73  -2.02   1.70
197801  -5.88  -5.47  -7.06  -4.58  -7.37  -3.96  -8.92  -3.94  -5.80  -8.40
197802   1.96   1.08   1.55   2.55   2.11   1.17   2.51   4.70   0.76   4.60
197803  27.53  29.21  23.97  30.85  35.36  34.39  31.09  29.28  24.16  22.08
197804   4.64   9.44   3.14   2.59   5.13  10.08   5.13   4.43   2.90  18.72
197805   5.83   9.02   5.11   4.98   6.17   8.14   5.72   5.75   4.02  18.06
197806  -2.27  -0.82  -2.42  -1.89   0.09   1.33  -3.81  -0.07  -3.33 -11.09
197807  14.97  15.75  13.51  19.55  13.16  16.47  15.70  15.18  14.52  14.06
197808  -1.36  -0.76  -1.67  -0.55  -1.77  -2.16  -2.36  -2.26  -1.39   5.33
197809  15.62  14.08  15.36  16.68  17.74  14.97  17.78  17.16  13.37  14.63
197810   3.18   0.05   9.58  -1.00   3.29   0.82   2.31  -0.43   8.09  -3.86
197811 -11.27 -12.06 -11.91 -10.15  -9.87 -11.03  -9.49  -9.28 -12.30 -18.43
197812   8.14   6.42   8.18   8.09   8.15   7.61   9.81   9.59   8.08   6.04
197901  -2.46  -3.03  -1.45  -4.22  -2.20  -5.61  -1.39   0.42  -5.93   5.07
197902  -5.89  -3.99  -7.68  -4.64  -7.95  -6.25  -8.60  -3.82  -7.28  -8.23
197903   4.96   7.75   3.95   7.84   4.90   6.62   4.59   4.80   4.04   1.46
197904   4.88   6.35   4.68   4.39   3.95   8.29   2.95   5.83   2.38   2.23
197905  -6.28  -0.74  -9.58  -3.26  -8.71  -6.45 -10.73  -2.89 -13.97  -8.74
197906  14.67  19.87  14.89  19.42  11.73  14.17   8.71  17.23   9.51  11.79
197907   0.08  -1.69   2.17   0.54  -2.75  -3.35  -1.12   0.23  -3.58   7.71
197908   7.86  10.73   6.21  11.33   8.31   6.81   7.03   8.49   6.41   5.68
197909  15.15  23.26  10.81  18.78  17.52  23.44  12.10  14.56  12.22  15.75
197910 -11.57  -8.30 -15.44  -9.02 -12.36 -12.23 -14.83 -12.53 -15.01 -13.35
197911   7.53   8.69   7.06  10.47   4.83   3.84   7.05   5.80   5.46  -0.25
197912  -0.34  -2.25   1.56  -1.86  -0.10  -0.49   1.42   0.32   0.69  -2.15
198001   8.01   2.37  10.68   1.55  11.00   2.96  11.22   2.00  10.39  13.32
198002  -1.06  -0.04  -0.33  -0.79  -0.12   0.01  -0.43  -0.16  -1.51  -2.46
198003 -15.76 -13.51 -16.89 -14.19 -19.52 -14.44 -19.46 -11.51 -19.26 -12.21
198004  10.94  13.02  10.55  11.90  10.36   9.90  11.77  12.22  12.70   7.95
198005   6.54   4.62   7.74   5.46   8.33   5.85   8.11   5.43   7.40   2.74
198006   1.99   1.31   0.33   2.46   0.91   2.79   1.68   1.51   1.33   0.49
198007  -4.09  -3.33  -4.54  -2.64  -6.54  -4.43  -5.89  -0.85  -5.56  -6.64
198008   2.70   4.68   1.58   4.74  -0.82   1.58   0.02   3.53   1.41   0.61
198009   0.01  -4.16   2.19  -2.80   2.40  -4.57   2.77  -1.31   1.39  -1.09
198010   4.56  -1.51   9.89  -3.11  10.92  -4.90  10.66  -0.54   8.95  -2.67
198011  -3.45  -4.45  -4.06  -1.45  -3.74   0.78  -3.96  -4.01  -4.10  -6.85
198012  -7.26  -5.50  -9.06  -4.87  -9.39  -6.13  -9.66  -4.24  -9.78  -3.47
198101 -11.70 -13.51 -11.16 -13.71 -11.90 -15.65 -11.54 -12.40 -12.22 -10.60
198102   1.60   3.59   0.86   0.64   1.71   6.53   2.65   4.41  -0.12   6.17
198103   4.20   7.24   0.98   7.63   2.59   5.46   2.61   6.06   2.53   4.43
198104 -10.11  -9.65  -6.79 -13.11  -8.96  -9.40  -8.08  -9.28 -11.03 -11.01
198105 -23.80 -24.97 -23.06 -27.50 -17.97 -26.25 -18.74 -24.61 -27.45 -23.87
198106  -7.68  -6.78  -7.12  -9.90  -5.56 -10.97  -4.41  -7.72 -10.34 -14.60
198107   8.28   3.57   9.59  10.99   7.95   4.58   8.00  -2.67  16.46  13.32
198108   5.55   7.16   5.38   4.63   4.16   8.19   4.73   8.72   3.23   0.32
198109   4.21   9.25   6.48   0.01   2.65   6.87   3.97  10.03   1.31  12.57
198110  -3.62   1.11  -7.63   2.19  -7.27   2.77  -6.96   1.66  -5.79  -6.80
198111   7.70   8.92   6.03  10.23   7.48  10.94   8.01   9.69   7.39  10.60
198112  -3.77  -4.25  -5.60  -3.48  -5.03  -4.09  -5.44  -1.53  -3.99  -0.04
198201   5.80   8.11   4.92   6.40   5.11   8.85   5.04   5.02   5.50  12.13
198202   4.20   9.50   0.38   6.46  -0.43   8.77  -0.34  15.09  -0.51   3.64
198203 -10.20  -9.64  -6.38 -19.09  -8.12 -11.12  -6.42  -9.86  -7.93  -4.35
198204   9.49  10.66   7.26  15.08  10.37  12.78   7.87   8.97   8.27  12.91
198205  -1.54  -1.24   0.76  -9.13  -0.60  -1.25   0.58   0.50   0.73   4.28
198206 -16.89 -15.79 -17.32 -13.72 -16.50 -19.06 -17.70 -14.17 -17.03 -21.39
198207  -4.08 -11.77  -0.51  -9.17  -3.78 -12.23  -0.76 -11.42  -1.61  -1.46
198208   3.09   5.20   2.06   5.49   3.77   7.93   2.25   5.07   3.88  -1.12
198209  -4.81  -8.27  -4.18  -5.65  -5.99  -6.56  -4.45  -3.57  -5.83  -3.08
198210   1.24   3.98  -1.84   7.56   1.16   5.49  -2.06   4.06  -0.64  -8.03
198211   4.94   7.82   3.89   1.82   5.69   7.89   3.49   8.90   3.70   3.77
198212   3.42   4.15   0.63   8.57   0.76   2.96   0.53   6.09   0.65   6.36
198301   3.47  11.54   0.31   6.98   1.74  11.29   1.25   6.85   1.93   9.83
198302   3.97   2.78   3.60   1.75   4.76   1.58   4.13   1.33   5.20   9.29
198303   2.68   3.85   2.86   2.51   1.95   4.29   4.16   3.44   4.67   4.94
198304   3.91   6.22   3.41   9.93   2.10   6.73   3.90   7.20   3.75  -4.38
198305   2.25   4.04   0.72   1.73   3.74   3.50   2.04   5.91   1.99  -3.02
198306  -2.24  -1.34  -3.35  -2.45  -3.06  -1.33  -4.32  -2.40  -3.71  -5.60
198307  -0.45  -3.25   0.43  -0.22  -2.17  -4.39   0.26  -2.33   0.33  -3.67
198308   3.98  11.75   2.45  10.35  -0.33  12.08   0.66   9.95   0.79   7.58
198309   4.67  -1.28   5.25   2.44   7.62  -2.19   6.19  -1.41   8.45   8.75
198310   0.21  -2.12  -0.49  -1.50   1.64  -4.22   0.39  -2.04   0.68  -5.01
198311   2.96   2.41  -0.66   3.21   0.98   0.60   1.10   0.86   4.29   3.51
198312   2.63   2.63   1.91   3.29   1.36  -0.82   1.45   2.57   2.35   0.81
198401   6.14  18.31   3.34  14.35   1.80  16.12   0.86  14.22  -1.16  14.98
198402   2.05   7.32   1.24   7.83   0.30   8.99   1.27   6.49   1.96  -0.41
198403   2.26   3.24   2.51   3.08   1.83   3.41   3.35   2.37   3.21   0.71
198404   5.46   6.31   4.86   8.24   7.22   8.33   6.24   5.49   6.38   0.44
198405  -3.13   2.57  -6.18  -2.00  -7.31   3.33  -5.33   3.70  -6.09  -8.29
198406  -2.67  -8.14   0.06  -5.47  -0.36  -8.77   0.49  -7.64   1.39  -5.25
198407 -10.94 -17.21  -7.83 -14.74  -9.13 -17.75  -8.47 -15.20  -8.42  -9.98
198408  10.96  13.57   9.86  16.00  10.29  14.64   9.93  13.34  10.56  12.61
198409  -1.02  -0.51   1.34   0.19  -0.78  -1.31  -2.33   2.11  -1.77  -1.16
198410   0.00  -1.38   1.54  -0.84   0.52  -2.02  -0.68   1.01  -1.27   0.17
198411  -0.94  -0.03  -2.78  -0.97  -1.86  -0.19  -2.59  -0.96  -2.12   0.04
198412  -1.27  -2.62  -0.58  -2.73  -0.46  -2.34  -1.97  -1.59  -0.81   0.04
198501   5.01   7.59   4.43   7.87   3.02   5.71   4.29   5.82   5.52  10.29
198502  -1.98  -1.79  -1.56  -1.96  -2.11  -0.90  -2.69  -1.42  -5.89  -1.02
198503  12.48  13.01  12.58  13.41   9.39  13.36   9.69  12.16   9.85  19.45
198504   1.81   1.60   2.04   1.07  -0.14   0.13  -0.21  -0.10  -0.68   2.95
198505   8.77   7.32   9.43   8.42   8.58   6.26   9.67   4.53  12.83  12.38
198506  -3.28  -5.35  -4.20  -6.81  -1.05  -7.76  -1.14  -5.62  -2.57   2.95
198507   3.32   2.56   3.37   5.33   1.95   4.79   3.03   3.94   2.70  -0.85
198508   4.58  10.29   3.01   6.80   3.57   8.19   2.96   5.28   4.33  12.78
198509  -1.58  -2.65  -2.43  -2.40  -4.65  -3.35  -4.32  -0.56  -2.01  -3.68
198510   8.69   8.67   7.82  10.97   6.16  10.03   7.56   8.23   8.21   9.06
198511  17.15  23.19  12.93  20.67  15.15  22.72  15.07  21.50  15.55  21.50
198512   8.53   3.43   7.45   5.53   6.40   1.74   8.87   1.74  10.28  14.20
198601   9.09  17.46   4.47  12.16   6.18  16.75   3.10   9.02   8.63  17.79
198602  17.07  18.59  16.74  14.39  18.55  20.24  12.86  13.96  19.42  24.98
198603  10.78  10.02   7.87   6.51  12.97   9.43  10.16   4.50   8.88  20.95
198604  11.12  15.83  12.62  21.04  10.80  17.65   9.72  21.12   6.07   5.24
198605 -12.77 -14.59 -11.66 -13.82 -12.04 -13.94 -10.73 -11.80 -12.23 -10.24
198606   5.36   5.32   5.16   4.75   4.30   4.50   7.18   3.54   3.61   4.32
198607  10.73   7.65  13.49   6.71  11.23   8.07  12.59   3.78  13.49  14.95
198608   9.90  18.03   5.71  15.44   9.78  18.52   5.05  16.30   6.89  15.95
198609  -6.14  -5.96  -4.70  -3.64  -5.72  -5.73  -5.36  -2.66  -9.14 -10.73
198610   1.94  -1.54   1.94   0.26   4.13  -0.70   4.11   0.22   2.17   1.38
198611   5.01   1.79   6.22   0.75   8.22   2.04   7.07   1.15   8.44   5.43
198612   0.84   3.64  -0.19   2.14  -1.61   4.17   0.49   1.51   0.05   0.91
198701  12.66  15.47  10.46  14.44  13.43  16.05  10.23  13.09  12.00  12.71
198702   1.10   1.74   0.16   0.51   3.14   2.60   1.99   0.17   1.26   8.86
198703   6.65   8.62   5.06   8.80   5.53   8.79   5.48   5.99   5.78   7.24
198704   1.32   2.83  -0.28   1.87   2.12   4.76   1.12   2.16   0.74   7.22
198705  -5.58  -3.46  -6.63  -6.07  -6.29  -5.78  -4.77  -2.87  -6.80  -4.49
198706  -6.28  -6.49  -6.27  -5.78  -5.29  -5.93  -5.11  -6.02  -6.35  -6.21
198707   2.90   5.35   1.34   2.72   3.54   5.69   5.16   2.19   2.66  10.46
198708   5.63   3.40   5.75   4.81   5.91   4.90   4.90   2.37   5.60   7.50
198709  -6.14  -6.67  -6.77  -6.75  -3.45  -7.51  -5.05  -7.98  -7.08  -1.21
198710 -19.29 -16.66 -20.58 -20.19 -19.22 -15.57 -21.55 -12.99 -22.79 -17.81
198711  -0.38  -4.64   1.97  -4.20  -2.06  -3.32   2.85  -0.24  -2.16  -2.70
198712   0.40  -1.52   2.69  -1.32  -0.46  -0.05   0.48   1.44   1.38  -1.91
198801 -15.88 -13.60 -15.43 -17.86 -14.97 -14.03 -14.69 -11.71 -17.41 -21.03
198802  20.51  17.31  17.75  22.10  16.27  18.62  17.47  13.85  24.82  22.84
198803  -5.65  -3.50  -5.45  -4.98  -5.95  -4.84  -4.94  -3.37  -5.74  -5.13
198804   8.23   7.73   8.16   7.19   9.67   7.98   8.37   6.25  10.97   7.36
198805   6.87   9.36   5.60   9.41   4.41   7.76   7.21   6.68   3.64   9.56
198806   1.31  -0.02   0.65   2.52   0.20   4.69   0.17   1.34   0.63  -0.90
198807  -3.52  -3.08  -3.02  -5.05  -3.89  -5.61  -1.61  -4.51  -4.96  -0.05
198808  -2.35  -4.25  -0.94  -2.97  -1.42  -5.58  -0.55  -3.62  -3.33  -1.25
198809   9.93  10.54   9.83   9.60  10.65   8.41   9.48  10.02   7.85  11.79
198810   9.43   8.85   7.65  10.26   7.34   8.72   7.46   8.34   9.10  12.27
198811   3.21   2.76   2.91   4.52   2.83   3.54   1.22   5.46   1.91   2.39
198812   4.33   6.68   3.99   4.29   7.53   8.56   6.00   5.55   5.46   1.63
198901   1.33   1.92   1.96  -0.17   3.15   1.53   1.30   2.09   1.33   8.93
198902  -0.95  -1.25  -1.96   1.36  -2.75   0.65  -1.99  -0.05   1.17   9.75
198903   0.96   1.07   1.28   0.26   1.30   2.47   0.98   0.25   0.74   4.51
198904   4.60   6.33   4.95   5.98   4.00   4.32   4.55   7.30   3.20   4.61
198905  -1.88  -1.19  -2.44  -2.96  -1.32  -0.99  -2.25  -1.64  -3.87   7.74
198906   1.37   3.76   1.23   2.97   0.84   3.38  -0.25   2.09   1.10   0.86
198907  10.43   9.39  11.89  10.50  11.03   8.54  12.49   8.19  11.85  -2.20
198908  -1.13  -1.78   0.78   0.61  -2.44  -3.11  -1.59  -4.17   2.30 -11.93
198909   7.34   6.45   9.97   6.06   6.95   6.45   6.42   5.02   9.06  10.67
198910  -5.01  -5.49  -4.26  -7.22  -4.71  -7.19  -4.60  -4.31  -6.02 -12.82
198911   6.54   6.42   6.95   5.37   7.71   7.00   6.44   5.56   4.87   5.36
198912  10.95  11.51  10.58   7.86  12.34  11.19  12.04   9.49  11.00   8.28
199001  -5.71  -3.50  -8.12  -4.03  -7.90  -3.68  -5.86  -2.53  -8.87  -2.16
199002  -2.71  -1.05  -4.50   0.06  -4.14  -1.14  -5.29   2.30  -3.85  -6.58
199003   7.06   7.61   7.53   8.51   7.18   9.66   5.98   7.55   4.85   6.32
199004   5.51   5.50   4.76   6.72   3.55   5.69   4.85   5.30   4.85   2.98
199005   1.26   0.72   1.29   1.42   1.84  -0.21   1.84   2.82  -0.97  -1.00
199006  -0.63  -0.60  -0.46  -0.76   0.29   0.89  -0.54  -0.06  -1.05  -4.52
199007   1.68   0.44   2.41   1.34   2.49   0.11   3.58   1.94   2.17   8.85
199008 -13.22 -13.40 -12.12 -12.59 -12.14 -12.62 -13.50 -10.73 -12.59  -9.92
199009 -10.61  -9.80 -10.36  -9.91  -9.36  -8.31 -10.71  -7.93 -10.98  -8.54
199010  10.59   6.25  11.73   6.93  12.60   7.99  14.30   3.81  11.58  10.65
199011  -0.63   1.20  -1.05   0.15  -0.47   0.43  -2.81   1.62   0.86  -5.82
199012  -4.39  -5.10  -4.43  -4.57  -4.19  -5.47  -4.52  -4.54  -5.57  -2.55
199101   4.75   5.47   2.86   7.12   3.86   3.12   3.09   7.24   3.58  11.35
199102   8.41  10.73   8.40  10.66   7.33  12.99   7.81   9.92   7.80  12.55
199103  -6.40  -4.61  -7.17  -6.54  -7.28  -3.73  -6.88  -5.71  -7.53  -7.37
199104  -1.75  -1.08  -0.84  -2.19  -0.78   0.79   0.25  -0.95  -0.88  -1.93
199105   0.51   1.30   0.31   0.03   0.83   0.90   0.98   0.64   0.24   0.39
199106  -8.19  -7.08  -8.76  -7.45  -9.21  -7.01  -7.46  -7.76  -8.13  -7.11
199107   3.63   2.97   3.89   2.42   4.37   5.10   5.47   2.33   3.12   7.48
199108   6.00   7.35   6.16   6.15   5.08   7.53   5.56   7.82   5.08  10.36
199109   6.00   6.24   5.39   4.74   5.57   6.76   6.31   8.33   5.70   5.00
199110  -0.88   0.35  -1.69  -2.22  -1.57   0.39  -1.54  -0.17  -0.86  -6.59
199111  -1.66  -1.05  -1.88  -1.99  -0.28  -0.42  -1.30  -2.10  -0.98  -4.23
199112   8.47   5.58  10.90   6.06   9.54   6.20  12.41   8.40  10.07  13.70
199201   0.58   5.21  -1.84  -0.33  -0.70  -0.26  -0.08   1.91  -1.66   3.82
199202   4.26   3.86   4.98   3.70   4.39   3.93   4.91   5.21   3.68   5.95
199203  -0.29  -0.59   1.23  -1.53   1.40  -2.68   0.64   0.83   1.57  -3.62
199204   4.52   6.52   2.51   7.38   2.66   8.76   2.76   4.88   2.61   1.51
199205   3.92   2.95   3.33   5.19   3.75   5.96   3.24   3.97   4.00   0.15
199206  -1.46  -5.01   0.65  -3.46   0.74  -3.02   1.57  -2.82   0.38  -2.57
199207  -4.24  -5.18  -2.96  -5.82  -2.51  -4.32  -2.85  -4.96  -2.23  -5.63
199208   0.83  -3.25   3.86  -1.96   3.70  -2.23   4.34   1.74   3.73  -2.71
199209   1.74   2.61  -0.10   0.58   0.27  -0.37   0.76   0.77   0.14   0.00
199210  -8.73  -7.17  -9.44  -6.15 -10.25  -8.58  -9.95 -10.40  -9.01 -12.18
199211  -1.22   1.00  -0.99  -1.28  -1.47  -2.67  -1.89   0.06  -1.10  -8.77
199212   2.37   2.63   0.24   4.72   1.42   3.28   0.46   2.83   1.40  -1.74
199301  -0.56   5.36  -1.63   3.63  -2.22  -2.39  -2.57   1.82  -2.18  10.18
199302   8.24   9.92   6.54   9.83   7.10  10.80   6.52   9.47   6.86   7.74
199303   7.00   8.98   8.13   9.39   5.68   4.43   6.46   8.09   7.50  -1.88
199304  -2.16  -2.47  -2.15  -1.61  -2.46  -1.83  -2.32   0.56  -2.85 -10.74
199305  -1.61  -0.59  -1.99   0.40  -1.85  -1.88  -3.02  -2.27  -1.31  -3.26
199306  -3.40  -1.56  -4.86  -4.11  -5.28  -2.22  -3.91  -1.44  -5.01   0.50
199307   1.96   3.45  -0.36   2.86   1.27   5.72  -0.36   2.76  -0.27   6.09
199308   8.66   9.69   8.78   9.35   7.22   7.69   7.81   9.04   8.08  14.35
199309  -0.47  -1.93   1.22  -0.20   2.43  -0.72  -0.52  -1.65   1.29   0.18
199310   0.72  -0.84   1.15   0.26   0.14  -0.32  -0.58   1.49   0.18  -5.60
199311  -2.69  -2.60  -2.07  -2.66  -1.41  -2.91  -2.07  -4.60  -1.72  -1.22
199312   9.21  10.25   9.24  11.23   9.04   8.60   8.58   7.67  10.11  18.63
199401   5.20   7.66   4.80   3.34   5.63   8.84   5.98   8.04   5.25  14.19
199402  -2.55  -0.79  -3.73  -4.62  -1.80  -1.47  -2.80  -0.81  -3.38  -4.36
199403  -5.00  -6.22  -2.03  -6.35  -6.44  -2.75  -1.18  -6.50  -4.27  -2.64
199404   3.44   3.92   3.66   1.76   3.95   6.25   4.70   5.08   2.23  -1.63
199405  -4.97  -3.10  -5.21  -4.39  -6.00  -4.14  -5.25  -3.06  -6.51  -8.74
199406  -2.90  -3.44  -3.03  -2.16  -4.06  -2.75  -2.19  -3.31  -1.66  -4.23
199407   9.39   8.04  11.36   8.81  12.88   9.51  13.37   7.63  11.51  13.96
199408   0.30   0.02   1.76  -2.35  -0.25   0.69   1.72   0.18   0.86  -3.33
199409  -6.54  -6.58  -5.24  -9.05  -6.76  -8.02  -2.85  -6.94  -4.87  -3.21
199410   3.82   5.66   3.42   4.41   5.76   3.65   2.63   4.59   3.68  -0.65
199411  -1.73  -1.86  -3.31  -0.25  -0.74  -4.20  -2.55  -1.49  -3.20  -4.36
199412  -3.45  -3.63  -1.91  -3.71  -4.88  -2.40  -2.19  -2.68  -4.94  -0.61
199501  -3.44  -6.01  -2.20  -2.73  -3.63  -1.84  -2.28  -4.16  -3.31  -3.74
199502   2.50   0.02   4.62   2.00   2.53   2.07   5.20   1.01   4.96   4.32
199503  11.05   7.18  15.31  12.25  11.35   9.29  17.35   7.90  14.80   5.88
199504   1.01   0.73   0.20   0.52   1.14   2.65  -0.40   1.48  -0.49   1.24
199505   1.71   3.44  -0.30   1.91   1.46   1.27   0.03   2.68   0.68   2.51
199506  -1.77  -2.24  -0.47  -0.40  -2.92  -3.34  -0.43  -1.48  -0.97  -6.77
199507   3.75   2.07   4.15   6.55   3.92   7.14   4.21   2.20   4.21   3.89
199508  -6.34  -9.54  -3.65  -7.75  -7.00  -7.64  -4.48  -7.75  -5.53  -9.63
199509  -1.44  -4.60   2.58  -5.42  -0.83  -5.69   2.95  -4.48   2.03  -0.20
199510   1.77   2.91   1.20   5.28   2.05   0.25   1.20   3.08   0.31  -4.49
199511  -1.09   1.38  -2.93  -0.10  -1.09  -0.23  -3.27   1.94  -3.06  -2.37
199512   3.84   1.33   5.84   5.16   3.48   2.83   6.16   2.69   5.01  -2.79
199601   4.24   0.03   7.32   6.31   4.22   6.37   6.94   2.84   6.01   1.53
199602   2.02   1.64   3.28   3.83  -0.01   0.27   4.05   0.64   2.83   6.26
199603   3.27   0.70   6.97   0.62   5.22   2.01   7.30   1.54   4.97   0.58
199604   2.04   1.40   2.70  -0.49   4.24   1.46   2.70   3.15   1.93  -1.02
199605  -0.58  -4.42   0.23  -0.35  -1.97   0.19  -0.19  -1.72  -0.27  -4.02
199606   0.81  -1.54   2.26  -0.09   1.85   0.20   2.86  -2.24   1.81  -1.00
199607  -2.59  -1.93  -1.92  -3.31  -2.87  -5.00  -2.30  -2.59  -1.83  -2.88
199608  -2.30  -1.56  -3.08  -1.77  -2.58  -1.87  -2.57  -0.46  -2.64  -4.22
199609   4.98   4.39   4.75   4.05   6.11   5.56   4.54   4.20   5.73   3.47
199610   2.08   1.25   2.12   1.19   2.48   3.08   3.33   3.24   0.59   1.86
199611   5.52   7.65   5.22   5.57   6.94   7.86   5.51   5.58   5.23  -0.60
199612   1.48  -1.93   4.41   0.44   2.33   1.17   5.31  -0.67   2.34  -1.38
199701   1.70   2.80  -2.29   3.15  -2.56   4.30  -4.01   3.75  -2.23   3.42
199702   1.05   6.31  -1.75   2.20   0.17   3.08  -1.02   2.39   0.49   3.80
199703   3.34   2.10   2.16   2.93   2.13   3.65   1.80   4.38   1.27   4.12
199704  -4.07  -6.66  -1.38  -5.26  -1.58  -6.52  -1.26  -5.68  -2.47  -1.99
199705  -1.09  -2.54  -0.17  -0.82  -1.56  -0.15  -0.82  -0.50  -0.58   0.08
199706   8.08   5.26   9.96   3.95  11.03   7.85  10.61   5.00  10.81   1.81
199707   2.01  10.32  -1.23   6.49  -1.40   5.11  -2.35   5.63  -1.33   9.00
199708  -7.09  -5.28  -9.44  -5.01 -10.13  -5.12 -10.20  -3.98  -8.94  -1.63
199709  10.06  13.82   5.51  10.75   6.74  14.38   5.43  15.41   6.29   4.34
199710  -6.44  -3.67 -10.65  -6.72  -9.18  -7.28  -9.69  -6.03  -8.76  -7.91
199711   2.17   0.94   4.93   1.46   3.74  -1.12   5.42  -1.56   5.91  -0.80
199712   3.23   5.77   1.52   2.47   1.78   2.69   1.91   3.20   3.23  -1.07
199801   4.13   2.06   3.82   1.01   6.73   6.77   4.30   3.19   3.60   6.96
199802   8.82  11.49   7.95  10.41  10.54   8.51   9.96   8.41   8.69  11.82
199803  10.73  17.84   8.34  14.30   6.08  12.56   5.98  13.61   9.73  13.08
199804   3.67   5.05   3.02   3.47   3.17   3.73   1.35   3.79   1.63   6.65
199805   5.38   3.41   7.52   3.75   4.93   6.57   5.81   2.27   7.07   4.40
199806   2.23   0.67   2.54  -1.47   8.22   6.57   2.51   0.66   2.70  -0.41
199807   0.71   3.04  -0.38   3.93   0.29  -2.03  -1.27   3.32  -1.14  -3.68
199808 -11.12 -20.12  -7.05 -19.02  -1.90  -8.47  -6.01 -16.03  -8.73 -15.62
199809  -6.54 -17.03  -3.62 -15.76  -4.51  -5.43  -2.15 -13.68  -7.07 -14.04
199810  10.45  12.40  10.61  13.58  10.57   8.15  11.85  13.33  10.72  12.90
199811   6.54  12.02   5.46   9.58   4.26   3.30   6.14   6.80   7.40  11.83
199812   4.17   1.78   7.03   0.98   8.71   3.34   6.68   1.21   4.72   6.63
199901   3.48   6.32   5.39   6.56   4.95   1.53   2.03   0.72   1.62  15.65
199902  -6.90  -7.72  -7.58  -7.36  -7.13  -4.54  -8.89  -5.77  -9.43  -8.43
199903   1.87   4.64  -2.37   8.39  -3.69   9.87  -0.45  18.26  -0.39   1.95
199904   3.12   5.84   0.19   2.55   0.13  12.78   0.48   5.16   0.44   5.22
199905  -1.43  -3.29  -0.75  -1.51  -0.08  -6.13   0.35  -2.20  -0.92   5.35
199906   2.93   3.72   2.99   1.49   2.41   4.33   4.52   1.11   3.63   8.13
199907   1.14   5.84  -1.98   5.36  -2.39  11.14  -1.99   7.75  -1.32   1.73
199908   3.57   5.16   5.36   1.44   5.35   4.42   6.19   2.57   4.29  -3.25
199909   1.78   1.03   3.37   0.90   2.53   2.10  -0.78   1.10  -0.51  10.36
199910   4.39  -1.30   7.43  -0.46   6.27  -3.68   5.83   0.46   5.78   6.91
199911   5.44  -2.53   9.08  -1.80   5.80  -3.42   2.51  -3.19   0.28  36.96
199912  14.46  13.74  16.37   8.74  14.93  14.06  18.40  11.66  14.14  14.57
200001  -6.90  -5.57  -6.15  -8.90  -8.12  -9.08  -6.85 -12.07  -7.40  -9.99
200002   7.60 -10.87  14.28  -0.70  12.69  -2.00  11.87  -4.46  14.91   2.30
200003   1.02   5.13  -2.16   1.24  -0.38   3.33  -4.87   0.77  -1.38 -10.81
200004  -3.18  -1.18  -5.20  -1.91  -3.84  -2.93  -3.59  -2.07  -4.29  -4.11
200005   1.78   3.23  -0.34   5.12  -0.05   3.33   1.29   3.36  -0.03 -14.88
200006   3.69   4.56   2.78   3.44   5.65   2.69   4.69   2.16   4.89   5.33
200007  -1.91  -3.59  -2.77  -1.25  -1.85  -2.43  -0.89   2.51  -1.92  -8.02
200008  -2.24  -1.93  -2.12  -3.78  -2.83  -4.48  -0.48  -2.19  -2.73   0.63
200009  -6.14  -4.17  -7.89  -1.08  -7.85  -1.62  -8.14  -1.01  -8.17  -9.38
200010  -2.15   2.16  -3.30   1.54  -3.30   2.83  -3.38  -0.57  -3.26  -5.81
200011  -3.89   4.07  -9.10   5.29  -8.84   6.75  -7.09   7.97  -8.97  -2.06
200012   8.26  10.52   7.25  12.49   7.37  11.06   7.81  12.74   7.67   2.69
200101   0.52   5.08  -0.19   6.15  -1.75   4.05  -0.51   3.35  -2.24  17.56
200102 -10.46   0.46 -13.93  -5.99 -11.03   1.74 -14.16  -2.27 -12.12  -5.88
200103  -7.17  -6.83  -7.96  -2.78  -9.70  -7.74 -10.75  -3.70 -10.16 -13.69
200104   8.96   5.71  10.70   6.57   8.75   6.68   9.80   4.39   8.73  10.67
200105  -6.57  -3.43  -8.75  -4.15  -7.86  -2.41  -7.56  -3.30  -7.80   0.81
200106  -4.61  -4.93  -5.96  -2.75  -4.67  -6.52  -7.67  -2.87  -5.04 -20.47
200107   1.11   3.89   0.64   2.25   0.85   4.13   2.01   0.81   0.45   5.11
200108  -3.43   0.95  -5.57   2.94  -4.85  -0.53  -5.67   2.85  -4.98  -5.15
200109 -13.43 -18.75 -10.04 -17.02 -11.45 -22.27 -15.44 -16.23 -12.94 -16.70
200110   5.64   8.28   7.12   5.35   6.64   8.46   9.29   4.17   7.16   2.58
200111   3.46   5.84   2.40   6.73   5.16   6.68   7.77   4.98   6.12   7.71
200112   2.91   1.97   3.80   2.15   1.50   1.92   2.24   2.37   2.28  -1.29
200201  -6.12  -8.91  -4.28  -3.34  -7.38  -8.84  -9.62  -0.54  -5.77 -10.10
200202   0.14   2.05   1.78   1.46   0.16   0.24  -1.72   5.14   0.14 -14.92
200203   6.93   6.81   5.40   9.29   3.64  10.93   4.38   7.04   3.76  14.71
200204  -1.52  -2.52  -1.44   0.21  -1.94  -4.97  -3.45   5.33   0.17 -13.47
200205  -0.06   3.51  -0.49   1.93  -1.53  -2.16  -0.42   3.50  -1.37  -5.58
200206  -3.73  -8.66   1.20  -6.99  -2.29 -12.88  -4.43  -1.20   1.10 -11.97
200207 -11.59 -12.01 -11.06  -8.38 -12.64  -1.90 -11.53 -12.87 -12.16  -0.36
200208  -0.80  -5.33  -2.12  -0.93  -2.51  -6.48  -2.49   1.79  -0.62  -1.43
200209 -15.75 -20.03 -10.97 -25.23 -10.53 -23.78 -10.63 -20.94 -10.71 -19.96
200210  14.01   8.48  11.54  15.88  13.09  16.15  14.59   9.84  12.72  23.75
200211   7.01  14.86   1.34  13.04   2.48  22.72   4.12  10.34   1.15  28.67
200212  -2.93  -5.86  -1.86  -2.87  -2.84  -6.11  -3.10  -1.00  -2.34 -11.29
200301  -1.14   0.34  -5.54  -2.10  -6.52  -2.50  -3.84   8.33  -6.79   7.30
200302  -5.12  -6.81  -3.45  -0.93  -3.92  -5.52  -3.00  -9.97  -3.94  -4.71
200303  -2.99  -6.03  -1.81  -5.30  -2.60 -10.97  -1.64  -2.82  -2.45  -0.04
200304  15.04  23.99  12.19  20.49  16.82  24.57  12.61  21.64  14.79   8.59
200305   7.80   9.87   7.14   6.75   5.56   6.84   8.25   8.21   5.89  12.56
200306   0.20   2.65  -0.06   1.50  -0.59   6.26  -2.30  -0.30  -0.64  -3.65
200307   2.43   9.08  -1.46   5.80  -0.04   6.00   0.58   6.93  -1.83   6.09
200308   1.18   0.51   2.76  -2.83   3.42   2.21   3.81  -1.27   4.08  -0.43
200309   1.79   1.50   2.53   0.41   2.83  -1.05   3.75   0.08   3.05   5.62
200310   7.52  14.05   5.18   9.40   7.12  12.23   6.48  11.26   6.03  11.73
200311   5.03   4.01   4.92   5.79   3.68   5.56   3.83   5.40   4.52   4.53
200312   8.55   5.61   9.17   8.50   7.57   7.22   5.92   9.12   7.19   3.27
200401   1.38   1.16   0.69  -1.86   3.65   0.40  -0.06  -0.89   0.63   8.37
200402   2.80   5.04   1.49   3.82   2.91   5.39   2.25   4.44   2.15  -0.14
200403  -3.31  -1.69  -3.49  -0.41  -3.57  -2.81  -4.95  -1.02  -4.40  -5.70
200404  -1.17  -0.15  -2.00   1.06  -2.75   3.39  -2.24  -0.09  -1.29  -6.31
200405   1.44   0.19   2.27   1.99   2.23   0.06   1.65   1.57   2.74  -0.55
200406   2.03   3.41   1.26   1.15   0.55   4.08   1.26   1.11   0.22   7.46
200407  -3.03  -1.13  -2.80  -0.19  -4.64   0.18  -5.42  -0.23  -2.98  -8.90
200408  -0.54   2.07  -2.22   2.22  -4.72   0.54  -2.10   1.87  -1.73  -5.69
200409   4.05   5.26   3.09   4.86   3.90   4.59   3.58   5.29   2.51   4.56
200410   4.59   5.10   4.25   3.57   4.00   4.36   3.29   3.80   2.68  12.72
200411   6.12   5.75   6.35   4.21   6.51   5.17   4.98   5.05   6.03   9.41
200412   4.42   3.54   3.40   3.23   5.66   5.00   5.52   3.34   4.33   5.16
200501  -1.28   0.71  -1.93   0.83  -3.67  -0.57  -2.37  -0.06  -3.35  -1.26
200502   4.73   5.72   3.63   6.27   4.43   2.26   3.77   6.04   3.57   0.54
200503  -1.18  -3.55  -0.63  -1.84   0.66  -2.75  -0.30  -1.54  -1.70  -4.17
200504  -4.26  -6.67  -4.42  -5.77  -0.26  -3.91  -4.66  -4.61  -5.97  -6.74
200505   0.97   1.31  -0.03   0.94   2.19   0.47   1.06   0.31   0.69   2.37
200506   1.59   0.98   3.21   3.11  -1.49   2.02   2.85   3.47   3.34   3.11
200507   5.52   6.07   5.41   5.00   4.09   4.51   6.09   5.55   6.81   4.39
200508   1.01  -0.64   2.44   2.15   1.20  -0.01   1.78   2.94  -0.26  -1.16
200509   2.23   3.74   1.58   3.49   0.54   1.35   0.55   3.54   0.56   6.53
200510  -3.58  -1.80  -5.77  -4.56  -3.72  -4.93  -3.20  -4.48  -3.92  -5.24
200511   1.70   2.89   0.62   1.33   2.27  -0.38   1.63   2.00   1.37   1.10
200512   4.01   4.23   2.87   2.66   6.09   3.50   4.06   2.46   3.15   4.17
200601   7.71   9.59   8.15   8.11   6.21  10.50   9.99  11.26   6.03  11.96
200602  -0.39   2.76  -1.08  -0.21   1.34  -4.92   3.22  -0.75   0.99   2.03
200603   6.71   6.50   5.56   4.67   5.08   5.96   3.69   5.68   7.35   7.29
200604   3.75   5.28   5.54   4.66   4.37   5.35   5.32   4.12   4.06  -0.22
200605  -3.64  -4.02  -4.13  -3.05  -5.26  -3.29  -4.53  -2.22  -4.89  -5.33
200606   0.67   0.70   2.21   0.03   1.90   2.30   2.33   1.77   0.29  -2.42
200607   0.97   2.94   1.79   2.04   1.25   3.91   1.66   2.01   0.87  -8.55
200608   3.38   4.05   2.65   4.41   4.85  -0.13   4.95   3.93   4.45   7.87
200609   1.14   2.18   0.09   0.45   1.31   0.04   0.96   0.30   0.58  -1.65
200610   2.82   4.85   2.24   5.75   1.90   4.72   0.28   4.59   1.44   4.54
200611   3.94   2.85   5.10   2.54   4.26   3.68   4.57   3.48   4.47  11.04
200612   3.85   3.71   2.62   3.75   3.26   1.49   3.34   3.02   3.30   7.95
200701  -0.17   2.05  -2.69  -0.16  -1.78   0.10   0.80  -0.17   0.15  -5.06
200702   0.41  -1.83   2.57  -1.72   2.45   0.56   1.75  -1.67   2.61  -0.69
200703   3.94   1.10   6.68   1.23   6.34   2.72   3.39   1.95   6.80   5.77
200704   7.35   8.62   5.66   8.89   6.53   7.19   6.26   9.94   5.40   9.85
200705   2.82   4.52   2.06   3.10   3.10   4.21   0.82   2.28   2.88   4.64
200706   0.91   1.56   5.47  -0.42   4.89   3.72  -1.80   1.05   5.99  -6.71
200707  -4.01  -4.24  -3.67  -3.29  -4.44  -2.90  -3.22  -4.58  -5.31   5.96
200708  -1.72  -3.40  -1.87  -2.99  -0.96  -1.91  -0.29  -2.06  -0.63  -2.05
200709   5.44   4.11   6.33   6.31   6.06   6.78   6.84   5.96   6.01   9.96
200710   4.61   3.79   4.84   2.83   6.66   4.34   5.10   3.73   5.93  13.70
200711  -1.94  -6.06   1.06  -1.70  -1.23  -3.63  -1.41  -2.62  -0.99  -4.22
200712  -1.43  -2.34  -0.32  -1.88  -1.76  -0.99  -0.25  -2.07  -0.37  -3.95
200801 -12.15 -12.68 -12.00 -12.69  -9.54 -12.72 -11.68 -10.71 -12.07 -13.94
200802   1.21  -1.52   0.42   0.67   2.83  -0.15   4.35  -0.76   4.37   4.49
200803   1.71   2.86   0.38   2.44   0.06   1.55   3.11   2.00   3.13   0.46
200804   5.98   5.22   6.26   7.46   0.40   6.25   2.78   6.68   2.94   4.66
200805   2.12  -1.84   3.34   0.90   1.53   0.81   3.68   0.10   2.86   2.24
200806  -9.24 -13.44  -9.81  -9.79  -8.74  -8.70  -9.32  -8.91  -9.50  -9.53
200807  -3.44   0.85  -4.80  -1.84  -0.76  -2.36  -3.28  -1.18  -4.49  -0.90
200808  -3.74  -0.55  -4.05  -3.73  -3.86  -4.52  -4.53  -3.76  -3.71  -3.37
200809 -14.22 -12.53 -13.96 -12.14 -10.03 -13.25 -12.84 -11.18 -11.96 -16.48
200810 -22.23 -28.70 -21.92 -24.12 -21.97 -19.83 -25.08 -23.90 -23.82 -28.51
200811  -5.57 -11.40  -2.70  -8.91  -0.19  -6.61  -3.04  -6.41  -1.59  -5.30
200812   8.82   6.12   7.27   8.14   9.38   4.54  10.84   6.31  10.59   3.59
200901 -14.01 -12.30 -17.43 -10.61 -17.16 -11.80 -16.70 -14.00 -14.81  -8.27
200902 -10.27 -16.52 -11.70 -12.34  -8.03  -8.89  -7.08 -11.57 -11.18  -9.45
200903   7.57  11.69   7.16  10.25   6.46   8.60   6.37   7.97   4.89  10.35
200904  13.17  27.91   9.79  19.40   7.40  15.68   8.69  14.73  13.42  12.78
200905  12.74  16.74  10.21  17.92   9.91  16.27  10.04  16.13  10.43   9.32
200906  -3.43  -4.09  -2.68  -4.82  -1.26  -4.99  -2.09  -4.65  -2.53   1.25
200907   9.59  13.27   7.10   9.38   8.47  10.81   9.87   9.75  10.25   5.10
200908   7.83  13.46   6.57  10.03   5.93   9.34   5.68   9.18   7.14  12.02
200909   7.15   8.90   6.79   7.53   5.88   6.78   6.01   7.62   6.56  13.32
200910  -3.57  -6.65  -2.71  -4.44  -2.86  -4.49  -1.52  -4.36  -3.88  -6.85
200911   3.33   3.99   2.00   4.94   1.97   5.53   1.69   4.50   2.92  -1.36
200912   1.46   0.34   2.64   1.11   2.46   0.79   2.58   1.59   1.83  -0.44
201001  -6.60  -7.81  -4.62  -7.15  -5.99  -7.69  -4.48  -7.53  -6.09  -4.24
201002  -2.54  -4.17  -1.42  -2.85  -3.08  -3.93  -1.59  -1.76  -0.95  -5.65
201003   6.28   8.72   4.77   6.26   6.73   7.69   5.50   5.37   6.37   7.55
201004  -2.39  -5.40  -0.59   0.22  -2.76  -4.91  -1.24  -0.55  -3.82  -0.30
201005 -12.63 -13.66 -11.53 -12.56 -12.68 -14.47 -10.41 -11.98 -11.16 -14.91
201006  -2.13  -2.57  -1.42  -3.65  -2.13  -3.62   1.20  -3.49  -0.23  -1.14
201007  12.33  17.32  10.21  12.57  10.56  14.09   9.54  13.91  11.95  12.08
201008  -6.02  -7.23  -5.04  -5.53  -5.76  -6.22  -5.17  -6.00  -4.77  -6.37
201009  14.45  16.27  14.57  12.42  14.10  13.89  15.59  12.20  15.02  17.43
201010   5.78   7.10   4.46   5.52   4.60   6.52   4.47   7.58   3.80   7.90
201011 -10.81 -14.58  -8.55  -9.32 -11.61  -9.87  -9.04 -10.69  -8.98 -11.47
201012   8.47   9.41   6.07  10.22   6.37   9.84   8.41   8.37   9.26   9.88
201101   6.35  10.73   0.47   9.41   2.80   9.58   1.80   8.51   2.96   9.40
201102   3.37   4.36   3.41   2.92   2.53   3.02   1.91   3.40   3.21   5.05
201103  -0.10  -1.89   1.59  -0.51   0.77  -1.57   1.63   0.25   0.98   0.64
201104   7.86   5.81  10.04   8.01   9.06   7.30   9.19   6.92   9.59   7.49
201105  -2.54  -4.29  -1.47  -3.04  -2.90  -3.36  -1.47  -3.38  -1.73  -2.76
201106   0.61   0.25   2.85  -0.11   2.46  -0.21   1.83  -0.10   2.37   0.60
201107  -6.53 -10.51  -2.95  -8.45  -4.49  -8.40  -2.44  -7.70  -3.63  -8.52
201108 -10.44 -14.48  -6.11 -10.07  -9.82 -12.06  -8.18  -8.72  -8.88 -12.52
201109 -14.66 -15.55 -15.57 -12.93 -17.75 -12.82 -16.35 -11.65 -15.99 -16.35
201110  11.33  11.43  13.04  11.03  16.66  10.18  14.81   9.55  12.98   8.20
201111  -6.33  -7.10  -5.10  -5.46  -5.61  -6.54  -5.72  -4.89  -5.93  -9.50
201112  -3.85  -3.31  -4.79  -2.01  -6.58  -2.90  -5.36  -2.12  -4.96  -4.09
201201   6.54   8.59   6.32   8.27   4.12   4.89   6.37   4.35   9.15  11.22
201202   6.75   7.98   6.81   8.86   7.02   7.15   6.74   6.57   7.51  10.23
201203   0.11  -1.77   3.45  -2.95   2.81  -3.92   2.89  -1.35   3.12  -3.33
201204  -5.47 -11.86  -0.95  -9.47  -1.50 -10.01  -0.90 -10.60  -1.29 -12.53
201205 -11.04 -14.83  -8.76 -12.54  -9.36 -12.35  -8.64 -13.40  -9.24 -16.81
201206   8.11  13.88   4.35  10.01   6.26  12.20   3.99  14.54   4.24   5.33
201207  -0.31  -2.18  -0.55   0.18  -1.18  -1.04  -0.63  -3.26   0.17  -1.97
201208   5.37   8.64   4.01   8.42   3.27   6.91   3.59   8.67   4.29   5.28
201209   1.39   4.11  -0.55   3.73   1.17   2.09   0.70   2.40  -0.90   6.05
201210   2.87   4.11   2.34   4.20   2.75   2.51   2.24   3.85   2.93   1.15
201211   3.76   4.02   5.48   4.51   2.83   1.53   5.54   1.88   6.64   0.88
201212   3.81   3.90   3.08   4.80   2.79   3.98   2.36   3.39   3.22   4.67
201301   6.32   6.81   5.93   6.37   7.38   6.27   6.41   3.75   6.26  16.41
201302  -2.91  -6.27  -0.62  -6.27  -0.02  -6.46  -0.19  -6.00   0.26  -9.45
201303  -1.19  -4.10   0.93  -3.15   0.59  -3.84   0.84  -1.50   0.78  -9.99
201304   5.81   7.60   4.80   8.22   4.34   7.91   4.26   8.16   4.72   5.97
201305   2.94   4.70   1.89   3.96   2.42   3.18   0.64   1.14   1.97   7.86
201306  -4.56  -5.06  -4.74  -4.58  -5.10  -5.10  -4.02  -2.88  -4.70  -8.78
201307   9.57  12.71   7.79  13.27   7.44  13.32   7.75  10.58   8.25  13.22
201308  -1.66   0.74  -2.05   0.37  -1.63   0.59  -1.99   0.19  -1.88   4.17
201309   8.15   9.89   6.13  10.79   7.12  11.00   5.62   9.92   7.11  11.74
201310   3.99   6.75  -0.20   6.27   0.93   6.55  -0.31   6.43   0.82   8.02
201311   0.52   1.32   0.10   1.32   0.18   1.02  -0.89   0.54  -0.38   3.35
201312   1.74   1.76   1.71   1.51   2.50   1.28   1.03   1.85   2.81   0.80
201401  -3.79  -2.67  -5.08  -3.08  -5.08  -2.90  -4.95  -3.75  -3.93   2.46
201402   8.41   9.90   6.18   9.54   7.18  11.01   7.35  10.59   7.03  13.68
201403   0.19   1.14  -0.82  -0.12  -0.53   1.24  -0.84   2.31  -0.45  -1.56
201404   2.60   2.71   2.57   3.18   2.62   2.88   2.05   2.81   1.59  -0.11
201405   0.72  -0.42   2.31  -1.02   0.72  -0.75   2.44   0.53   1.27   0.54
201406  -1.38  -1.59  -1.38  -1.21  -1.75  -1.67  -1.34  -0.38  -1.83  -4.57
201407  -5.56  -5.97  -6.61  -5.81  -5.99  -5.78  -5.49  -5.11  -5.51  -5.37
201408   0.19   0.61  -0.06   0.52  -0.75  -0.94   0.35  -0.13  -0.47   0.55
201409  -3.78  -2.24  -4.59  -3.52  -4.80  -3.26  -4.54  -2.31  -4.17  -3.33
201410  -3.87  -4.62  -0.41  -4.95  -1.93  -4.15  -0.71  -3.92  -3.10  -2.86
201411   3.62   1.66   5.74   1.32   5.61   1.70   4.46   1.03   5.58   3.40
201412  -4.05  -6.00  -2.63  -4.60  -3.80  -5.06  -4.28  -4.54  -3.90  -3.29
201501   0.29  -2.59   3.03  -2.07   1.34  -1.73   2.31   0.09   1.31   1.26
201502   6.63   7.71   5.32   7.24   4.34   7.76   4.28   4.45   6.59   9.39
201503  -2.62  -3.30  -1.65  -2.34  -0.75  -3.00  -1.28  -4.96  -2.08  -5.27
201504   5.70   6.36   5.95   5.87   5.12   6.37   6.10   5.63   7.77   4.52
201505  -1.04  -1.93   0.07  -2.77   0.29  -2.33   0.20  -3.05  -0.04   3.51
201506  -2.92  -2.72  -4.13  -2.09  -2.90  -1.94  -3.57  -2.66  -4.42  -4.49
201507   4.25   2.41   4.76   4.31   4.94   3.80   4.26   3.80   3.39   3.05
201508  -6.01  -5.98  -5.99  -5.35  -6.49  -5.43  -6.91  -4.98  -6.05  -5.02
201509  -4.46  -7.32  -2.31  -5.38  -2.30  -5.94  -2.83  -4.50  -3.38  -6.85
201510   7.12   7.08   6.82   6.42   5.05   7.81   6.12   7.51   7.32   4.52
201511  -2.77  -1.00  -1.39  -2.00  -5.30  -1.35  -2.55  -2.42  -1.92  -1.31
201512  -2.34  -2.70  -2.85  -2.95  -1.84  -2.90  -1.42  -1.97  -1.51   0.66
201601  -4.50  -8.53  -2.63  -5.96  -3.68  -5.06  -0.98  -2.75  -4.34 -10.15
201602  -0.97  -1.62   0.12  -0.81  -1.29  -0.59  -2.17  -0.88  -1.99  -2.93
201603   6.06   6.29   5.62   5.78   5.45   6.15   6.23   5.95   6.33  10.49
201604   1.99   5.92   0.01   2.88   1.71   4.03  -0.24   3.75   1.78   0.73
201605  -0.02  -0.52   0.86  -0.74   1.66  -1.85   1.78  -2.61   0.14   0.05
201606  -5.55  -9.28  -2.77  -9.16  -4.01  -6.64  -1.49  -3.82  -5.05  -8.80
201607   5.67   6.24   5.44   7.14   6.18   5.58   4.78   3.39   4.65   6.38
201608   0.12   0.94   0.13   0.54   0.36  -0.03   0.61   0.22   1.31   2.95
201609   1.31   0.89   1.00   0.98   0.36   1.42   0.79   1.27   2.47   1.56
201610  -0.79   2.80  -3.36   1.53  -1.70   1.15  -4.61  -0.96  -4.76  -3.71
201611  -2.41  -1.43  -2.30  -2.18  -4.31  -2.98  -4.75  -3.59  -3.97  -1.72
201612   5.26   7.04   4.29   6.47   5.00   6.57   3.83   5.64   4.06   5.02
201701   1.73   0.98   1.76   1.46   4.54   0.74   1.90  -0.84   3.50   4.42
201702   0.15  -2.85   1.67  -3.35   0.39  -1.95   0.25  -2.26   0.98   2.94
201703   6.05   6.80   5.94   7.21   6.94   6.00   6.23   7.06   5.02   3.44
201704   6.34   4.50   8.25   6.40   7.00   5.42   6.76   4.43   7.13   2.36
201705   6.06   5.74   5.24   6.98   6.65   6.35   6.89   6.97   7.23   3.89
201706  -0.08   1.60  -0.70   2.53  -0.45   0.78  -0.28   1.24  -1.13   2.29
201707   3.20   5.40   1.25   4.61   3.44   3.84   1.77   4.48   2.20   7.49
201708   1.11  -0.31   2.36   0.07   2.28   0.67   2.06   0.52   1.87   1.36
201709   3.84   5.13   3.67   4.18   3.35   4.55   2.51   3.65   1.95   3.22
201710   1.61   0.13   3.53  -0.48   3.04   0.73   3.15  -0.32   1.83   2.35
201711   0.47   0.49   0.40   0.04   0.06   0.37   0.85   1.25   0.82  -1.80
201712   0.34  -0.03   0.96   0.49   1.16   0.58   1.21  -0.51   1.79   3.00
201801   6.89   8.01   6.83   8.83   6.58   7.04   6.93   6.60   7.27   8.89
201802  -4.36  -4.38  -3.07  -4.74  -3.23  -4.07  -2.56  -4.92  -3.45  -4.61
201803  -0.53  -2.63   1.51  -2.45   2.09  -0.54   1.71  -1.98   2.04  -2.82
201804   4.22   3.47   7.02   2.08   5.61   3.74   6.79   3.42   4.20   3.85
201805  -2.71  -6.99   1.24  -7.09   0.90  -5.74   1.23  -6.53   2.43  -0.46
201806  -1.42  -1.79  -1.10  -2.09  -0.88  -1.99  -1.92  -0.41  -3.25  -3.74
201807   2.88   5.45   2.02   4.31   1.16   5.20   1.79   5.28   0.76   2.34
201808  -1.37  -3.45   0.66  -1.98  -0.58  -3.22   0.29  -3.26   0.64  -2.45
201809   1.06   3.23   0.20   2.43  -0.42   2.18   0.07   3.57  -1.91   0.42
201810  -9.90  -9.47 -11.63  -9.94 -10.71 -10.25 -11.91  -7.27 -12.85 -14.31
201811  -2.08  -2.80  -3.31  -2.53  -1.23  -2.68  -2.81  -0.99  -4.15  -6.49
201812  -3.83  -6.48  -1.02  -6.54  -2.44  -4.62  -1.17  -6.12  -0.38  -7.94
201901   5.80   6.50   7.40   7.22   6.26   5.74   5.05   5.28   6.41   9.89
201902   4.17   2.44   6.31   4.22   6.16   1.09   6.45   3.15   6.20  -0.45
201903   0.66  -2.92   3.55  -3.05   2.34  -3.40   3.14  -1.85   1.57   0.92
201904   5.00   5.54   5.26   8.38   4.49   6.36   4.61   5.00   4.25   6.10
201905  -5.44  -7.17  -4.70  -9.32  -5.11  -7.72  -4.26  -6.27  -5.24  -8.82
201906   7.68   4.96   9.59   5.51   8.88   4.80   9.16   5.83   8.85   6.81
201907  -2.59  -3.58  -2.85  -3.56  -3.10  -2.73  -3.18  -3.50  -3.08   0.98
201908  -1.80  -4.16  -1.96  -4.02  -1.25  -1.85  -1.25  -3.10  -0.91  -3.31
201909   1.79   5.30  -0.19   6.48  -0.50   3.94  -0.09   6.41  -0.71  -3.60
201910   3.52   2.62   5.01   4.61   5.17   3.55   5.02   3.68   4.96  -2.33
201911   1.91   1.17   3.15   2.25   1.91   1.79   2.36   0.65   2.82   2.03
201912   3.08   4.10   2.40   3.46   2.60   2.74   3.00   3.19   1.81   8.09
