%    Value-Weight Dollar Returns      All 4 Data Items Not Reqd
%               -- BE/ME --   --- E/P ---   --- CE/P --   ------  Yld  -----
%         Mkt   High    Low   High    Low   High    Low   High    Low   Zero
197501  15.51   9.27  20.52  11.03  18.30   7.89  15.30  11.25  19.10  10.89
197502  10.52  10.97   7.00  10.93   7.55  12.45   8.73  13.75   5.75  14.13
197503  -3.30  -3.36  -1.81  -4.13  -1.83  -3.16   1.22  -6.11  -2.53  -1.66
197504  -1.33   1.22  -1.42  -0.87  -0.70   1.92  -2.78  -1.37  -0.25  -4.32
197505  -1.47  -3.53   2.01  -2.97   2.50  -4.07  -1.05  -2.53   2.60  -6.27
197506 -11.69 -10.74 -11.42 -11.02 -11.50 -11.49 -10.81  -9.50 -12.77 -13.31
197507 -11.68 -12.46  -8.49 -12.93  -9.31 -12.55 -12.09 -14.44  -8.82 -13.88
197508  -0.56  -0.19  -1.59  -0.39  -1.05  -1.43   1.10  -0.47  -1.92   2.49
197509  -4.86  -3.22  -4.28  -0.58  -3.92  -1.61  -5.24  -4.43  -4.18  -7.85
197510   3.93   2.39   3.04   1.67   3.40   0.49   4.84   3.17   3.55   6.00
197511   2.92   7.50   0.21   3.59   2.33  10.58  -2.57   3.14   0.88   2.87
197512   0.10  -1.52   1.59  -3.18   0.51  -0.94  -1.70  -4.15  -0.42   1.21
197601  -2.98   0.24  -3.57  -4.04  -1.37  -0.99  -6.22  -2.30  -2.37  -5.99
197602  -0.53  -0.71   1.46  -3.25  -0.07  -1.27   3.23  -1.68   1.78   4.80
197603 -18.40 -19.47 -16.44 -17.92 -15.52 -20.15 -18.28 -19.72 -16.19 -20.40
197604 -10.95 -11.31 -10.06 -12.07 -10.67  -8.95  -9.90 -10.83 -10.02 -11.81
197605   7.02  10.30   4.69  10.40   5.00  11.83   1.96  11.47   6.35  -0.82
197606   6.92  10.07   2.04   7.20   2.79  13.13   4.86  12.26   2.10   2.73
197607   4.63   6.47   2.20   6.40   0.95   5.66   7.93   7.45   1.15   3.83
197608  -3.10  -1.26  -2.37  -3.40  -1.95  -5.66  -2.13  -4.93  -1.79  -2.56
197609  -8.37  -9.22  -7.91  -7.95 -10.21  -8.91  -7.95  -9.02  -8.17  -8.07
197610 -12.19 -13.47  -8.74 -14.80 -10.86 -15.34 -11.15 -15.56  -9.18 -13.86
197611   5.98   7.25   2.82   5.41   3.75  12.06   6.74  10.56   3.06   2.52
197612   3.50   4.44   0.61   0.02   1.97   7.59  -3.06   6.79   0.93   5.73
197701  -6.45  -7.34  -3.83  -5.35  -7.14  -6.89  -4.08  -6.39  -6.47  -9.93
197702  -1.56   0.97  -2.17   4.08  -4.21   5.50  -0.49   5.22  -2.41  -3.16
197703  -1.55  -3.79   1.16  -1.58  -0.82   1.25  -3.01   2.52  -0.37  -7.35
197704  -4.20  -4.81  -3.29  -2.26  -1.01  -1.07  -4.87  -0.12  -2.12  -9.00
197705  -3.76  -3.31  -0.66  -1.79   0.17  -0.26  -5.81  -0.14  -0.64  -6.93
197706   5.68   6.07   5.83   5.25   4.93   5.30   5.46   5.63   5.10   5.72
197707  -7.08 -11.76  -4.55  -9.25  -3.98 -12.09  -8.88 -10.35  -4.93  -9.28
197708  20.03  20.95  13.37  17.35  15.25  23.91  13.33  21.62  15.03  31.61
197709  -3.39  -2.58  -0.42  -0.33  -1.60   2.47  -6.87   2.53   0.70 -11.45
197710  -6.62  -6.70  -6.20  -5.18  -8.21  -5.29 -10.14  -5.39  -6.75  -9.69
197711  -5.07  -4.65  -4.48  -4.10  -4.47  -2.70 -12.31  -2.87  -5.02  -9.07
197712  -0.93   0.64  -5.82   1.99  -4.89   3.65 -11.68   3.17  -5.20   2.24
197801   7.06  11.18   5.66   5.51   6.64   9.08   8.92   5.37   7.32   9.67
197802   5.69   7.24   5.82   4.02   3.70   5.44   0.65   3.71   2.96  11.72
197803   4.25   0.11   6.61   7.22   2.19  -1.14  -5.50   0.69   1.51   7.67
197804  -1.30  -2.46  -0.23  -3.10  -0.80  -2.20  -6.92  -2.78  -0.24   0.56
197805   5.71  11.53   4.47   0.06   3.89  10.92   5.34   5.10   4.86  11.16
197806  -8.05  -2.43 -15.58   0.64  -0.53  -4.41   0.45  -3.85  -0.76 -26.11
197807   1.61   3.83   1.37   0.49   0.84   2.94   7.24   0.50   1.04   2.92
197808   8.48  11.22   6.70   7.93   4.64  10.90   6.90   9.98   4.61  14.44
197809  21.10  19.54  22.40  25.79  18.31  25.80  27.02  26.07  21.75  20.03
197810  -1.68  -3.69  -0.73  -0.33   0.80  -2.90   1.24   0.61  -0.14  -6.71
197811  -9.87 -12.48  -8.41  -8.47 -10.73  -9.53  -5.04  -6.24  -9.87 -13.81
197812   0.79   0.13   0.84   2.92   0.02   1.20   2.79   2.21   0.99  -2.27
197901   3.82   4.14   3.63  -1.15   4.23  -4.03   4.49  -2.69   3.66  10.93
197902   5.70  11.30   4.45   3.62   5.28   7.83   7.79   5.64   4.45  11.64
197903   2.02  -3.38   5.64  -0.24   5.94  -1.54  -3.45  -0.90   4.47  -1.45
197904  -5.29  -6.88  -3.89  -4.77  -5.05  -4.17  -3.75  -3.93  -5.51  -7.62
197905   3.30  -1.11   6.63  -3.91   7.39  -4.46  14.35  -3.37   5.14   8.66
197906   2.35   1.95   4.06   4.04   2.87   4.02   6.14   4.10   2.47   1.52
197907   5.93   2.27   7.90   5.92   8.14   4.93   6.43   3.94   8.24   2.33
197908   8.95   4.49  11.35   8.10  11.84   4.12  11.97   4.83  12.88   5.00
197909   4.24   1.22  10.04   2.46  11.42   1.27   1.99   3.45  10.53  -1.28
197910  -8.57  -8.66  -6.85  -8.03  -7.29  -6.32  -9.68  -5.77 -11.02 -10.18
197911  -1.32  -3.59   1.51   0.20   1.41  -1.58  -0.13  -2.19   1.11  -5.09
197912  -0.22  -0.98   1.20   2.28   1.24   1.17   0.67   0.75   1.05  -1.69
198001   9.73   1.91  13.86  10.68  16.91  -5.66   7.35   6.54  15.96   1.00
198002   1.26   0.74   1.04   1.02   3.40  -1.74   1.81   3.82   1.40   0.13
198003 -10.57  -6.85 -13.17 -10.81 -12.87  -3.52 -12.23 -10.29 -12.57  -4.86
198004   9.86   6.64  13.39   8.93  12.11   3.50   8.36   3.59  11.98   6.81
198005   3.82  -1.94   8.21   0.02  10.73  -5.50   4.34  -0.46   7.98  -1.26
198006   4.28   5.24   4.76  10.95   4.26  -0.26  -1.19   6.58   6.78  -2.09
198007  11.15   2.69  15.76   7.21  15.89  -0.49   5.87   4.00  16.00   4.74
198008   7.86  10.99   6.11  11.85   6.84   6.35  13.20   9.76  10.06   9.47
198009  12.98  12.86  13.40  21.24  12.73   9.20   9.76  16.77  13.12   5.64
198010  24.12  41.10  15.17  54.03  14.91  18.49  16.17  37.69  22.93  10.71
198011  -8.03  -9.71  -7.15 -10.77  -5.67  -7.21  -6.88  -3.18  -9.22  -7.78
198012   0.10  -2.13   2.15  -1.05   3.12 -12.79   1.26  -6.14   3.10   0.07
198101  15.26   4.08  19.74  19.78  23.83  -4.79   5.57  16.59  28.37  -4.50
198102   6.71   6.09   8.29   2.71  10.01  14.13   6.96   0.75   8.61   7.10
198103   2.81  -1.61  -2.17  14.65  -2.13  -3.87  -4.52   1.81   1.06  -3.31
198104   5.02   2.48   1.58  11.18   1.36  -0.87  -1.29   4.09   6.23  -0.03
198105   0.44  -8.86   2.27   6.74   2.41  -8.88   3.24  -7.20   1.86  -6.82
198106 -20.24 -17.08 -21.51 -21.86 -22.05 -19.65 -23.18 -20.64 -21.01 -14.75
198107 -10.46 -16.77 -10.64  -6.78 -12.61 -18.50 -10.10 -14.81 -11.02 -14.14
198108  11.52   0.32  12.03  15.59  14.00   1.54   4.94   7.20  15.42  -0.80
198109 -12.66 -10.01 -11.28 -15.92 -12.46  -8.25 -11.98 -11.71 -12.03  -7.60
198110  -8.33  -4.84  -6.70 -11.19  -5.30  -3.72  -0.23  -7.00  -9.02  -3.42
198111  10.78   6.52  14.02   7.82  15.85   4.99   7.48   7.45  13.84   5.97
198112  -3.78  -0.86  -2.60  -5.35  -2.04   1.41  -8.46  -4.81  -1.76  -2.36
198201  -4.48  -0.68  -6.57  -3.95  -7.74   6.91  -2.54  -3.20  -7.14   2.34
198202   2.85   0.22   2.99   4.29   4.69   0.07   3.69   8.99   2.88  -0.68
198203  -3.38  -2.51  -3.74  -2.17  -5.39  -3.58  -2.27  -6.12  -3.15  -3.65
198204  -3.26  -0.14  -5.36  -0.85  -5.05   1.59  -3.91  -1.49  -4.03  -1.92
198205  -8.72  -6.26  -8.98  -8.58 -10.36  -5.90  -7.28  -9.39  -9.64  -6.13
198206 -14.38 -21.15 -13.15 -10.57 -15.06 -13.49 -15.95 -12.37 -13.53 -17.37
198207   7.42  10.06   7.42   3.87  10.09   7.90   5.50   6.82   7.30   8.10
198208   1.82   0.06   2.74   1.15   1.80  -1.75   7.20   2.05   0.97   0.89
198209  -3.33  -0.88  -3.32  -5.94  -2.46   3.09  -4.24  -9.35  -3.48  -0.26
198210  -2.53   2.23  -3.49  -5.05  -1.86   1.08  -1.66  -4.12  -3.01   0.03
198211   6.74  19.65   2.59   4.71   1.54  20.73   5.72   5.93   2.49  19.31
198212   2.82   3.58   1.99   2.01   1.19   8.49   3.72   0.99   0.78   8.00
198301  10.32  20.00   6.73   6.94   8.35  13.91   4.84  15.79   6.11  18.97
198302  10.27   7.87   9.77  11.34   9.00  10.94  12.68  16.72   8.43   5.91
198303   3.98  10.55   1.69   3.31   2.06  12.41  -0.93  12.99   0.08   7.01
198304  -7.43 -10.86  -3.27  -9.80  -3.69  -9.45  -6.15  -7.63  -5.08 -11.88
198305  -6.15  -7.08  -5.05  -6.27  -6.99  -5.59  -2.56  -4.61  -7.02  -6.96
198306   0.11  -2.08   0.14  -0.54  -2.27  -4.02   6.89   0.59  -1.75   0.38
198307   0.31   0.72  -1.50  -0.18  -1.21   0.95  -1.09   4.74  -2.20   2.21
198308  -0.75  -3.52   0.98  -2.57   1.14  -4.58  -2.64   2.07   0.26  -3.96
198309  -1.55  -1.40  -0.35  -2.77   0.58  -0.67  -3.43  -3.55   0.16  -3.06
198310  -5.38  -5.70  -3.97  -6.33  -4.79  -5.22  -4.38  -5.06  -4.71  -7.40
198311   0.74   5.67  -2.91   2.28  -3.31   6.36  -2.14   5.81  -3.19   7.44
198312  -0.86   0.21  -1.68  -0.43  -2.25   0.49   0.91   3.96  -2.37  -1.25
198401  17.07  18.75  14.97  29.11  13.78  16.98   9.89  15.78  17.09  10.73
198402   1.28   2.71   2.52  -0.95   3.01   5.14  -1.32   5.29   1.64  -0.17
198403   0.51  -1.09  -1.01   0.93   0.50   3.99  -2.38   2.01  -1.19   1.22
198404  -5.29  -4.62  -5.04  -5.15  -4.84  -4.29  -5.11  -4.35  -6.26  -4.62
198405  -4.95  -5.41  -6.16  -4.92  -6.85  -5.66  -7.42  -4.22  -6.11  -1.12
198406   0.96   2.13   0.92   2.26   0.34   2.77  -0.13   2.93   0.15  -0.39
198407  -4.30  -3.84  -4.39  -5.00  -5.39  -3.60  -4.87  -2.27  -6.03  -4.81
198408   6.45   8.54   4.56   6.03   5.56   9.99   1.56   8.77   3.74  12.10
198409  -8.77  -8.99  -8.08 -10.19  -9.12  -8.32  -4.35  -8.36  -8.95  -9.40
198410  -1.04  -2.50   0.62  -2.99  -2.72  -3.33   2.81  -1.36  -0.12  -1.30
198411   0.08   4.19  -2.06  -0.92  -0.11   4.02  -0.91   1.14  -2.87   5.20
198412   7.01   7.86   5.63   8.40   6.80   8.51   3.94   8.03   7.06   6.24
198501  13.36  13.02  13.32  12.96  14.43  12.93  13.23  15.13  13.84  12.19
198502   0.01  -1.36  -0.44   0.34  -0.53   0.59   2.30  -0.76  -0.96   4.73
198503   1.97  -0.44   2.72  -2.62   4.33   3.60   2.57  -0.49   2.60   2.61
198504   3.50   1.45   4.81   2.50   3.76   3.55   6.59   4.60   4.94   6.32
198505  10.30  14.98   8.16  11.83   7.79  12.72  11.56  14.16   8.18  10.25
198506  10.06   7.82   7.50   4.53  10.74  12.89   8.85   5.87  11.26   4.53
198507  11.28   9.95  13.17   8.46  14.38   9.95   6.83   6.91  14.86   8.22
198508   6.34   6.72   7.03   5.99   6.54   6.13   7.09   7.35   6.95  11.11
198509  11.50   9.23  12.01  10.89  12.66  10.72  11.16   8.36  13.35  11.21
198510   3.79   4.20   5.73   3.04   6.57   2.56   1.37   3.53   5.79   3.16
198511  11.18   4.62  15.97   7.54  15.53   7.57  10.69   8.10  15.55   5.24
198512   6.90   5.43   6.93   1.85   7.91  10.58   0.78   2.75   6.23   6.61
198601   7.66   4.65   7.31   6.22   7.78   4.35   2.22   5.79   9.15   5.47
198602  29.49  28.94  26.44  29.62  21.32  37.10  23.68  26.31  24.66  31.55
198603  21.96  21.53  23.77  24.35  22.99  21.57  11.42  18.22  24.64  19.40
198604  12.70   3.21  19.30  11.52  18.99   7.09  11.72  10.86  21.78   6.93
198605  -1.52  -4.76   1.79  -6.55   3.43  -7.90   2.93  -5.50   3.27 -11.43
198606 -10.46  -8.98 -13.02  -8.87 -12.61  -9.43 -11.64  -7.61 -13.73  -0.74
198607  18.17   6.70  19.77  13.04  20.78  14.85   8.17   8.55  23.79  19.17
198608  12.72  11.69  15.83   8.13  14.41  11.62  11.84   9.80  14.90   6.11
198609  -8.54  -7.17  -9.71  -6.79  -8.96  -9.95 -11.59  -8.01  -9.19  -3.47
198610   3.53  -1.07   9.68  -2.78  11.64  -2.24  -4.56  -3.74  11.56   7.78
198611  -1.75  -2.88  -1.25  -1.93  -0.09  -4.93  -0.66  -2.20  -0.78   5.65
198612   0.73  -1.36   0.70  -2.34   0.22   0.70   0.53   0.27   0.17  -3.28
198701   3.33   3.21   3.70   1.22   4.95   3.73   0.60   2.70   3.56   6.98
198702  -4.12  -5.06  -4.10  -6.46  -3.04  -4.25  -4.16  -3.78  -4.50  -2.33
198703   4.83   2.42   5.65   3.81   5.18   1.32   9.65   4.33   5.07   3.48
198704   9.05   8.47   9.12  10.28   7.57   9.84  10.54   8.70   8.48  14.25
198705 -11.85 -13.19 -11.09 -11.49 -10.67 -12.99 -14.90 -13.49 -10.98 -11.83
198706  -1.29  -3.69  -0.24  -0.06  -0.81  -2.16  -1.94  -3.01  -0.67  -1.63
198707  -1.47  -4.67  -1.48  -1.88  -1.59  -4.26  -0.32  -2.85  -1.05  -1.63
198708  -6.61  -4.18  -7.76  -8.03  -6.76  -6.94  -5.88  -2.80  -7.29 -11.69
198709   1.97  -2.28   3.50   3.18   2.34   2.56   1.11   0.06   2.67   2.42
198710 -12.28  -5.91 -12.70 -15.05 -10.60 -10.03 -17.01  -8.05 -12.46 -11.16
198711   3.00   3.21   3.43   2.60   4.34   5.69  -1.52   1.93   3.46   7.04
198712  -3.89  -3.84  -3.14  -3.42  -3.42  -4.43  -2.72  -3.38  -3.54  -6.91
198801 -10.21 -11.33  -9.95 -10.69 -10.29  -9.93  -9.43 -10.78  -9.44 -12.33
198802   7.32  11.76   5.32   9.19   4.00  14.72   9.18  14.42   4.85   7.64
198803   3.88   0.64   3.61   4.29   3.17   5.07   4.03   0.21   3.60   2.25
198804  -2.47   0.09  -3.18  -2.93  -3.10   0.01  -2.65  -0.75  -3.15  -4.91
198805 -11.03 -11.47 -11.24 -12.10 -11.02  -8.36 -12.40 -11.23 -10.93  -7.90
198806   5.72   6.06   5.04   5.12   4.70   5.64   8.83   7.03   4.69   7.12
198807   2.59   9.36   1.03   2.66   0.66   7.72   5.31   9.21   0.53  -1.37
198808  -2.95  -5.53  -2.59  -3.36  -1.04  -7.14  -3.62  -4.89  -1.78  -2.51
198809   6.69  10.42   6.62   6.19   6.62   9.81   5.04   9.55   6.35   9.58
198810  12.22  12.46  11.88  14.06  10.58  11.60  13.15  11.91  11.41  15.83
198811   2.91   4.15   3.26   3.47   4.72   0.76   2.36   3.93   3.67   6.16
198812  -0.42   0.99  -1.00   1.28  -0.87  -2.27  -1.86   0.00  -0.83  13.55
198901  -3.10   1.46  -5.04  -1.73  -4.46  -1.84  -2.62   0.47  -5.32   0.56
198902  -1.92   0.82  -2.36  -2.21  -2.63  -1.90  -1.68  -0.75  -2.57  -2.09
198903   1.67   4.52   1.06   1.72   1.50   1.08   0.05   3.55   1.27   3.99
198904   1.30   3.48  -0.17   2.37   0.11   3.45   2.91   4.17  -0.08   0.64
198905  -4.81  -3.88  -7.24  -2.40  -7.87  -2.99  -2.95  -4.16  -7.04  -4.96
198906   8.12   9.26   6.06  12.65   6.60  11.25   5.58   9.50   6.14   7.16
198907  11.16  12.52  10.39  11.30  10.74   9.08   8.42  10.28  11.14  10.77
198908   2.50   2.56   2.38   2.84   2.07   2.93   1.27   2.01   2.55   2.24
198909  -0.31  -1.80   0.06   0.86  -0.90  -1.57   0.57  -0.72  -0.86  -2.11
198910  -7.56  -7.28  -6.53  -7.88  -7.00  -7.22  -7.68  -6.76  -7.23 -12.30
198911   5.41   8.41   4.26   6.64   3.62   7.54   6.83   6.28   3.82   8.04
198912   6.82   8.14   6.31   7.00   6.38   9.51   5.71   7.95   6.62   8.53
199001  -0.15   2.23  -0.64  -0.44  -0.59   0.66   1.91   1.59  -1.01   0.09
199002  -4.49  -0.88  -5.45  -4.32  -5.09  -2.59  -2.42  -2.06  -5.60  -2.74
199003   5.43   6.39   4.75   7.58   4.29   8.20   3.96   7.58   5.20   1.75
199004   2.43   1.31   2.72   2.69   2.38   2.39   2.43   2.47   2.66  -1.63
199005   7.18   9.75   7.96   7.01   8.24   8.35   5.52   8.07   8.29   4.42
199006   3.15   5.05   4.31   2.42   3.32   4.91   8.49   4.35   3.05   3.19
199007   1.92   2.37   2.33  -2.32   2.72   0.98   3.84   0.13   2.25   4.61
199008 -15.12 -15.13 -12.05 -18.54 -12.03 -15.64 -15.04 -13.26 -13.12 -17.94
199009 -10.85 -12.36  -9.49 -12.71  -9.46 -14.45  -8.64 -12.97  -9.92  -3.05
199010   3.91   1.43   4.50   2.20   5.10   0.48   4.44   1.25   4.72   4.01
199011  -8.45  -8.13 -11.05  -7.18 -12.07  -4.68  -7.83  -8.43 -11.16   7.35
199012   3.06   5.38   2.35   4.80   1.86   6.52   2.33   5.80   2.13   0.84
199101  -2.33  -5.85   0.60  -3.22   0.12  -1.65  -4.06  -2.25   0.44  -6.84
199102  13.27  16.82  11.31  14.82  12.29  13.09   8.93  13.66  12.69  21.60
199103  -7.80  -8.55  -7.77  -8.33  -8.30 -10.21  -6.14  -9.41  -8.31  -8.77
199104  -1.35  -5.01   1.33  -4.07   1.04  -4.37  -0.08  -3.86   1.06  -5.89
199105   4.21   6.83   2.31   7.45   2.77   7.56   1.12   6.39   3.13   6.36
199106  -7.92  -6.86 -10.39  -5.57 -10.47  -6.22 -11.33  -5.76 -10.77  -7.22
199107   1.55  -0.23   1.77   0.71   1.52  -0.24   1.93   0.46   1.71  -1.33
199108  -3.50  -2.68  -3.52  -4.54  -4.21  -3.98  -0.27  -3.91  -4.38  -2.64
199109   1.32   0.74   2.48   1.31   2.48   2.89   2.41   1.64   2.20  -0.85
199110  -4.91  -1.05  -6.61  -2.30  -6.49  -0.32  -4.50  -0.45  -6.81  -7.40
199111   4.17   3.71   6.91   2.88   6.24   5.15  -0.12   3.86   6.79   4.62
199112   4.82   3.04   5.82   3.70   6.42   4.67   4.45   4.56   5.49  10.00
199201   2.28   1.76   2.58   3.52   2.25   2.45  -0.43   2.23   2.33  -1.42
199202  -1.75  -0.18  -1.84  -3.77  -0.53  -0.45  -2.11  -2.52  -0.97  -0.64
199203  -6.54  -3.58  -7.15  -5.15  -7.89  -3.81  -2.22  -3.83  -7.93  -4.54
199204   0.37   2.43   1.06   2.43   0.74   1.28  -1.31   2.76  -0.04   4.63
199205   1.97   3.62   2.36   2.67   2.58   3.24   1.72   3.10   2.71   4.05
199206  -3.95  -1.34  -4.05  -2.60  -3.46  -2.37  -5.32  -1.10  -4.89   1.99
199207  -8.64 -15.12  -5.04 -15.58  -4.15 -12.80  -7.16 -15.46  -3.99 -14.35
199208   1.07  -0.65   1.29   1.41  -0.01   2.40  -1.46   0.05  -0.07   0.77
199209 -17.51 -20.93 -16.42 -20.59 -17.36 -20.76 -18.34 -22.35 -18.15 -18.18
199210  13.84  14.54  13.36  16.25  12.49  10.21  17.65  16.52  14.20  13.66
199211  -5.95  -7.01  -6.54  -6.40  -6.45  -5.80 -10.61  -8.93  -6.54  -6.10
199212  -2.16  -3.49  -2.64  -5.12  -3.41  -0.56  -2.89  -5.77  -2.57  -8.07
199301   9.12   5.35  10.20  13.61   7.56  13.33   7.56  11.44   8.43  10.71
199302   0.83   6.29  -0.74   3.42  -0.52   2.44  -3.26   2.66  -0.42  -1.27
199303  -8.64  -7.32  -8.38  -5.38  -8.83  -9.93  -5.13  -6.85  -8.46 -13.09
199304  20.35  16.42  19.77  20.64  18.91  28.81  20.23  19.80  18.69  20.06
199305   3.79  -2.45   3.89   2.27   3.60  11.23   6.89   1.78   3.03   0.16
199306  -5.37  -8.89  -5.92  -5.45  -5.23   8.36  -6.42  -3.56  -6.78 -10.32
199307   2.61   3.36   3.21   3.16   2.11   7.02   0.51   5.47   1.94   2.03
199308  12.64  16.99   9.61  16.34  10.50  17.77  14.39  16.47   9.45  15.20
199309  -5.31  -8.35  -4.08  -9.60  -2.64  -1.38  -1.66  -5.95  -4.32  -8.12
199310  -4.94  -3.19  -4.47  -5.61  -4.49  -6.10  -4.23  -3.31  -4.10  -4.69
199311  -9.86  -8.41 -10.25  -9.98 -11.14 -13.85  -7.77  -7.94 -10.14  -6.24
199312  13.24  18.59   9.72  17.82  10.30  19.21  10.98  17.69   9.48  12.43
199401   9.78  10.87   9.37   6.77  10.32  15.54   7.94   8.57   6.46  15.70
199402  -1.72   2.98  -3.91   1.16  -3.73  -0.89  -2.42   1.37  -3.13  -3.08
199403  17.33  17.28  17.12  15.48  15.27  24.77  16.83  18.87  15.05  18.78
199404  11.75  17.06   8.48  13.70   8.82   7.64   9.51  17.06  13.08  17.82
199405  -7.97  -5.13  -8.05  -8.58  -7.20 -10.63 -10.46  -9.50  -5.43  -8.29
199406  -6.24  -3.92  -7.48  -3.23  -7.79  -6.95  -5.19  -3.39  -7.42  -4.55
199407   4.21   2.18   5.28   2.12   5.25   8.10   3.88   1.34   3.19   3.06
199408  -3.67  -7.40  -1.52  -5.97  -1.10  -0.95  -3.86  -4.44  -3.62  -7.74
199409   0.21  -1.05   0.58  -0.28   1.66  -2.28  -4.00  -1.48   1.84  -2.06
199410  -4.87  -7.42  -3.80  -5.76  -4.58  -3.94  -6.32  -7.65  -4.78  -6.64
199411  -6.21  -5.01  -6.40  -4.33  -6.65  -3.85  -5.67  -3.39  -7.29  -7.60
199412   1.21   1.46   1.18   0.33   1.88   0.70   2.28   0.45   1.96   0.93
199501   5.97   8.69   5.03   6.53   4.32   6.87   5.67  10.01   5.31   5.01
199502  -8.23  -9.46  -7.93  -8.74  -7.93 -10.52  -7.16 -10.00  -6.70  -7.45
199503  -7.56 -11.40  -5.69  -8.88  -4.54  -6.10  -6.16 -10.50  -6.55  -8.74
199504  10.70  11.68  10.84  10.50  10.76  11.25   9.88  13.48  10.15   7.75
199505   0.03   0.52  -0.18   1.24  -0.41  -0.27  -1.29   1.61   0.11  -1.38
199506  -2.71  -2.68  -1.85  -3.14  -1.34   0.40  -5.95  -2.89  -3.22  -5.51
199507   8.26   5.59   9.38   5.47   9.79  13.77   5.58   5.22   6.61   8.41
199508  -3.50  -1.59  -4.01  -2.62  -4.37  -4.29  -3.05  -1.39  -3.93  -4.02
199509  -2.62  -4.87  -1.95  -3.02  -2.32   0.11  -0.63  -4.54  -4.88  -2.50
199510  -4.87  -5.44  -4.35  -3.31  -3.53  -6.19  -6.56  -4.82  -3.06  -6.39
199511  -6.12  -8.14  -5.49  -3.83  -6.97  -9.19  -5.92  -4.39  -3.78  -9.86
199512   8.83  10.26   8.53   6.63  10.29   9.54   7.16   9.78   8.42   7.43
199601   5.05   4.77   4.96   7.06   4.09   9.18   3.09   8.81   4.36  -1.89
199602  -0.32  -1.92  -0.50   3.24  -2.87  -0.61   1.32   2.37  -2.98  -2.35
199603  -4.51  -5.53  -4.76  -3.15  -6.38  -5.79  -0.50  -4.73  -5.04  -4.96
199604  14.54   8.39  13.32  15.25  12.09  21.07   4.97  19.38  10.82   9.39
199605   2.41   2.69   3.29   7.70  -1.92   3.43   3.85   2.82  -1.78   2.60
199606  -0.45  -7.57  -0.28   2.24  -3.60  -1.01   0.83   1.66  -3.18  -4.72
199607  -7.53  -6.37  -7.40  -8.53  -4.32  -9.39  -6.90  -9.51  -4.64  -7.91
199608  -1.05  -3.76  -2.55  -1.49  -3.16   2.79  -4.10   2.68  -2.74  -2.54
199609   7.00   2.90   8.69  13.33   5.18   9.22   4.24   9.87   2.41  -1.12
199610  -5.15  -4.32  -5.46  -4.81  -7.35  -0.40  -1.97  -1.51  -6.83  -5.95
199611  10.61  16.12  11.31   9.61   7.26  12.52   7.98   7.82   7.19  13.65
199612   0.46  -2.99  -2.29  -0.84  -5.78   7.67  -1.38   7.65  -3.88  -3.72
199701  11.58  10.98  11.66   9.25  13.82  15.50  11.21  11.20  14.26  10.74
199702 -10.39  -4.87 -12.50  -6.79 -11.53 -14.19 -12.39  -7.42 -12.14  -8.78
199703   2.82   0.99   3.31   2.39   2.14   4.27   7.12   1.10   3.63   3.90
199704   1.45   1.83   2.57  -0.61   3.24   6.22   5.32   1.69   3.56  -0.67
199705  -0.36  -0.62  -0.27  -0.08  -0.68   3.99  -3.76  -2.19  -0.06  -0.31
199706   9.27   7.37  11.23   6.12  11.46  10.40   7.83   2.56  11.23  -0.08
199707   5.34   6.84   5.60   1.49   7.87   6.85   2.39   9.43   6.89   4.43
199708  -2.27   0.76  -2.65  -4.34  -1.31  -4.95  -0.61   2.08  -1.52  -0.61
199709  14.95  21.83  14.18  15.35  14.75  13.94  17.92  14.42  14.68  19.54
199710  -5.46  -2.94  -6.48  -7.50  -4.55  -5.06  -6.59  -1.75  -5.71  -2.14
199711   1.70  -2.98   2.83  -2.26   2.13  -1.93   6.01  -1.42   2.96  -1.08
199712   7.84  13.83   5.92   6.21   9.33   4.20  11.14  12.67   8.81   8.72
199801  11.16  29.35   7.80  17.50   9.53  14.24   6.71  15.15   9.46  36.79
199802   4.71   8.04   2.36   7.38   5.67   4.30   1.64   7.51   3.46   6.50
199803  21.22  31.06  18.65  23.67  18.61  25.30  19.68  30.30  19.85  33.13
199804  -3.26  -3.58  -3.24  -6.62  -3.81  -8.93   0.88  -8.70  -3.05  -0.70
199805   4.96   5.12   4.28   6.51   5.82   7.13   3.35   4.15   3.90   7.31
199806  -5.74  -7.57  -4.69  -7.05  -2.28  -6.47  -1.78 -11.79  -2.91  -8.99
199807   9.75   6.63   9.57  -0.92  12.00   3.80   7.79   4.60  12.55  15.41
199808 -13.97 -16.52 -12.34 -20.58  -9.84 -21.03  -8.19 -17.75 -11.51 -11.41
199809  -5.08  -9.24  -2.99 -11.08  -7.82 -10.26  -5.25  -6.41  -9.45 -10.52
199810   6.27   0.94   5.40   6.64   6.80   8.31   2.53   5.36   8.13   5.66
199811  10.98  10.99  10.01  13.16  10.81  14.88  12.87  13.43  11.48  10.92
199812   7.53   2.62   8.07   7.86   9.02   6.71  11.34   6.91   8.86   7.48
199901  -4.36  -8.93  -2.16 -11.90  -1.05  -6.30  -0.72  -9.98  -7.53  -0.58
199902  -1.55  -5.12  -1.27  -2.85  -4.20  -3.23  -3.92  -2.60  -3.51  -6.50
199903   3.64   8.07   2.63   9.91   0.29   0.11  -1.78   9.71   1.96   3.18
199904  -2.34   1.09  -2.22   1.33  -3.41  -3.37  -4.60   2.04  -5.64   2.02
199905  -4.15  -3.76  -3.32  -4.23  -4.46  -1.89  -2.12  -4.35  -5.30  -4.33
199906  -2.11  -1.40  -2.48  -4.51  -1.37  -2.37  -0.40  -5.32  -1.15  -5.62
199907  -2.40   4.49  -2.69   3.04  -2.51   4.38   0.38   2.71  -5.73  -1.57
199908   1.86  -2.65   1.95  -1.91   1.92  -2.00  -0.49  -0.54   3.95   0.89
199909   1.74   4.51  -0.02   4.76   2.72   1.11   5.45   4.04   2.58   5.09
199910  -2.80  -2.91  -2.34  -4.90  -1.12  -4.18  -0.37  -5.34  -1.51  -5.64
199911   3.71  -7.60   6.61  -7.76   6.87  -5.53  12.74  -7.10   4.14  10.53
199912  20.44   7.92  22.92   3.44  29.41   8.67  33.07   2.60  23.56  21.54
200001  -5.15 -13.30  -2.85 -15.84  -1.20   3.92  -0.61 -13.63  -1.02   0.47
200002  17.04  11.72  18.43  16.37  23.24  13.61  36.93  10.19  21.63  14.84
200003  -7.22  -5.07  -7.36  -7.03 -11.63 -11.47 -13.69  -1.42 -11.44  -6.93
200004  -6.44  -0.88  -8.03  -0.07  -9.49  -4.84 -15.43   0.48 -10.00  -6.70
200005   2.84   6.73   2.25   5.98   1.85   1.98   1.57   5.98   2.10   2.82
200006   5.68   8.70   3.47  11.99   2.29   5.74   0.88  11.09   2.64   7.06
200007  -3.55  -4.51  -3.69  -2.96  -3.57  -3.47  -3.25  -3.80  -3.01  -5.17
200008  -0.47   7.48  -1.72   1.10  -2.15  -2.11  -2.88   4.68  -0.32   0.43
200009  -5.65  -5.71  -5.75  -6.49  -5.89  -5.60  -8.41  -6.80  -6.89  -9.83
200010   1.03   0.49   0.70   2.24   1.11  -0.46   0.77   1.75   1.14   4.60
200011   1.32   8.84   0.91   4.67  -0.78   4.88  -5.69   6.80  -1.84  -3.02
200012   1.69   3.72   0.86   5.22  -0.86   6.76  -2.17   5.58  -0.53  -7.62
200101   2.40   7.13   2.49   4.27   2.85   4.69   0.00   0.57  -0.98   8.19
200102 -10.80  -9.06 -13.76  -2.39 -14.38  -4.99 -15.81  -7.69 -11.01 -20.63
200103  -6.96  -9.62  -7.19  -1.69  -6.94  -3.40  -4.93  -6.86 -10.75  -5.03
200104   5.38   7.17   5.92   4.33   6.81   7.87   4.04   3.03   6.61   4.31
200105  -8.59  -7.34 -11.38  -4.49 -13.15  -7.55 -10.98  -4.48 -10.69 -10.23
200106  -4.83  -8.19  -4.56  -4.64  -5.92  -6.22  -7.73  -4.85  -0.61 -11.92
200107   2.06   3.10   2.58   0.00   5.03   2.04   6.31   4.91   2.59  -6.47
200108  -1.40  -0.90  -4.73   6.61  -5.75   3.99  -8.00  -0.42  -2.18  -5.01
200109 -15.17 -22.26 -15.52 -10.50 -15.36 -12.11 -11.83 -14.24 -21.72 -23.64
200110   4.09   1.10   6.22   1.62   7.33   4.02   8.81   0.88   4.05  22.13
200111   3.76   6.23   5.45  -3.20   5.09  -2.37   6.62   4.52   5.05  15.64
200112   1.18  -2.21   1.27   4.31   0.53   5.76  -0.21  -0.38   1.79  -3.91
200201  -3.37  -2.05  -4.96   2.70  -6.64   0.16  -6.71  -2.81  -3.22 -10.92
200202   0.10  -3.45   1.42   2.18  -0.97  -3.21  -0.10   1.14  -1.85   0.91
200203   6.92   7.61   5.97   6.09   4.37   4.23   5.60  10.43   4.04   7.83
200204   0.51  -3.13  -0.51   4.62  -3.08   1.48  -3.49   1.43   1.14  -4.80
200205  -2.30  -0.59  -2.32  -0.46  -2.51   0.26  -2.96  -3.49  -3.05  -0.58
200206  -1.38  -7.57  -0.21   0.21  -1.79  -3.56  -3.86  -1.29  -2.54  -8.92
200207  -9.17  -7.88  -7.07  -8.95  -6.16 -14.85  -2.60 -11.62 -16.63 -10.68
200208   1.91   2.47   0.62   2.84   1.39   6.92   1.67   3.85   2.30  -4.66
200209 -13.83 -20.77 -13.58  -9.25 -14.38  -7.68 -14.44 -19.97 -13.97 -19.75
200210   9.26   8.07  11.41   1.99  15.43  -0.06  15.77   6.32  11.24  18.99
200211   9.71  14.09   9.92   5.44   8.29   6.69   9.62  12.00   8.12  21.39
200212  -3.18 -10.13  -3.19   5.80  -6.04  -0.46  -8.65  -7.23  -0.46 -16.35
200301  -1.44   0.14  -3.15  -0.14  -0.76   7.46  -3.44   2.08  -0.71  -0.25
200302   1.98  -4.10   2.38  -0.69   2.85   2.23   0.25   1.29   9.11  -2.94
200303  -5.59  -0.99  -7.26  -6.08  -7.26  -2.50  -5.16  -5.69 -10.15  -0.97
200304  13.73  15.10  13.72   7.93  15.98   7.04  15.72  13.25  15.11  13.29
200305  10.57   8.27   9.80  14.18   9.96  15.00   9.41  12.73   9.60   8.48
200306  -2.77  -0.58  -2.67  -6.69  -3.15  -8.78  -3.80  -5.48  -0.75  -1.13
200307  -0.03   1.11  -1.60   0.17  -1.93   3.01  -0.22  -0.22   2.50  -0.24
200308  -2.38  -0.38  -2.50   0.74  -4.75  -2.20  -1.42  -3.09  -4.27   3.49
200309   4.25  13.46   4.18   2.28   5.40   3.56   4.09   4.45   2.64   9.00
200310   5.09   7.91   4.34   3.46   4.23   1.70   4.58   2.90   5.78   8.20
200311   8.08   8.33   8.14   5.45   9.73   3.73   9.74   8.34   7.95   9.05
200312   5.00  -0.33   6.21   8.78   5.25   5.96   4.66   5.38   4.72  -1.24
200401   2.02   0.92   1.87   0.81   1.94   4.29   0.22   1.96   2.21   1.18
200402   1.64   0.69   0.78   4.26  -0.29   5.28   0.01   3.95  -0.57  -0.04
200403  -2.78  -6.19  -3.06   1.08  -5.96   2.61  -5.49   0.24  -4.73  -6.58
200404   1.35   3.45   1.38   2.36   1.53   1.20   0.66   0.96   2.77  -0.67
200405  -0.54   0.02  -2.30  -1.02  -0.85  -1.20  -1.10  -0.24  -0.46  -1.80
200406   2.88   7.83   3.37  -0.05   3.59   0.95   1.78   0.34   4.78   7.63
200407  -2.35  -4.20  -4.29   0.61  -3.85  -2.36  -4.68  -0.10  -4.14  -4.72
200408  -0.55  -1.51  -0.70   0.17  -2.11  -0.14  -1.74  -0.04  -1.00  -2.38
200409   5.95   8.23   4.02   7.70   5.75   5.51   3.74   7.06   4.07   4.38
200410   5.91   3.38   6.44   3.82   5.60   9.01   3.18   5.59   7.92   4.69
200411   7.85   7.33  10.19  10.62   6.89   6.33   9.09   7.46   9.15   7.26
200412   8.06  10.44   9.17   5.86   9.07  10.42   5.89   6.52  10.30  11.35
200501  -1.70   0.69  -1.53  -2.04   0.32  -1.91   4.07  -3.04   0.24  -2.83
200502   2.92   2.52   1.94   6.67   1.12   1.73   1.11   3.00   2.80   3.59
200503  -0.62  -0.54  -1.80  -1.35  -0.19  -1.03  -2.96  -0.43  -1.38   1.59
200504  -4.89  -2.26  -6.61  -2.78  -5.29  -3.35  -4.42  -5.56  -3.50  -3.58
200505  -1.79  -0.01  -1.58   1.31  -1.30  -4.02  -0.69  -3.22   0.32   2.14
200506   0.79   1.82   0.84   1.17   0.24  -1.44   0.23  -0.03   1.66   1.52
200507   4.62   5.95   6.86   9.36   2.47   1.28   3.04   5.03   4.10   2.26
200508   1.82   1.10   1.43   3.94   0.40   2.03   1.10   2.87  -0.54   1.52
200509   1.46   2.03   1.94   1.41   0.11  -0.71   1.53   1.91  -0.47   1.74
200510  -6.41  -6.72  -8.10  -8.12  -8.22  -7.06  -6.80  -7.02  -5.65  -3.78
200511   1.86   3.64   0.77   2.14  -0.47  -1.33  -0.75   1.90   3.27  -1.39
200512   4.39   3.05   4.53   2.40   3.83   1.96   2.63   3.34   7.98   2.15
200601   6.14  10.17   5.98   8.75   6.67   2.29   9.65   6.51   5.63   9.32
200602   1.52   5.53   0.08  -1.24   3.10   2.96  -2.34  -2.50   5.10   1.78
200603   3.08   8.67   0.95   1.86   2.17  14.17   2.15   2.80   4.91   7.93
200604   4.15   5.96   5.58   5.88   4.73   0.16   7.80   3.84   3.74   5.00
200605  -2.14  -7.65  -2.59  -0.96  -5.78  -3.44  -2.42  -0.36  -4.30  -5.70
200606  -0.20   0.83  -0.15  -1.96  -0.51   1.23  -1.76  -0.96  -0.65  -0.63
200607   1.03   0.15   1.30   3.18   2.20  -2.47   3.90   1.95  -0.11   2.13
200608   3.98   2.96   2.31   2.93   3.52   2.61   0.52   1.83   3.69   1.45
200609   0.67   3.58   0.12  -0.66   0.60   2.22  -0.92  -0.64  -0.27   7.87
200610   4.27   7.82   2.98   3.51   6.12   8.90   3.80   4.20   6.84  11.01
200611   5.74   5.09   6.65   7.21   3.95   5.36   7.36   6.72   6.16   6.03
200612   2.72   5.03   1.82   3.29   3.34   0.58   3.01   1.97   2.99   4.49
200701   0.32   2.87  -1.42  -1.97   0.66  -1.52   0.45  -1.46  -0.05   9.21
200702  -0.37   2.44  -1.43  -2.39   1.08  -0.61   1.17  -2.12   1.94   5.10
200703   2.63   2.34   2.85   4.21   2.54   3.36   1.64   2.54   2.02   8.20
200704   7.64   8.55   5.36   4.74   8.47   7.16   6.34   6.04   7.91  14.00
200705  -0.12  -1.75   2.42   2.69   1.44   1.84   2.21   0.92   1.51  -2.84
200706  -0.80  -4.18   1.46   1.95   1.42   2.46   1.30  -0.17   0.26   1.14
200707  -2.95  -3.36  -2.94  -3.62  -2.27  -2.96  -2.07  -2.50  -2.02  -0.41
200708  -1.13  -2.77  -0.43  -1.81  -2.83  -1.88  -2.09  -0.14  -1.20  -9.17
200709   4.65   4.83   6.00   6.11   4.01   7.62   2.28   6.36   3.90   9.54
200710   3.74   5.49   4.25   1.60   3.24   2.65   5.65   2.63   6.59   6.90
200711  -3.29  -6.04  -2.47  -3.45  -7.24  -4.03  -6.04  -0.83  -5.34 -14.91
200712  -1.27  -5.88  -0.14   0.59  -2.78   0.03  -0.84   0.21  -1.86  -5.12
200801  -9.86  -9.06 -10.30 -11.11 -11.55 -10.47 -10.02  -8.81 -10.17 -12.73
200802   0.81  -2.85   0.30   5.76   0.55   0.78  -0.08  -0.14   2.17   1.33
200803  -2.06  -4.19   0.95  -1.35  -1.11  -4.58   1.20  -2.06   1.37  -3.05
200804   5.63   3.76   4.37   9.32   3.70   9.58   4.04   7.07   1.11   8.39
200805   1.12   0.85  -0.71   4.37   2.86   2.73  -0.64   2.14  -0.42   2.46
200806 -10.73 -11.50 -10.69 -10.11 -11.52 -11.38  -9.96  -9.81 -11.79  -9.94
200807  -4.60  -4.62  -4.64  -6.54  -3.97  -5.09  -4.42  -5.70  -4.39  -2.03
200808  -3.85  -3.73  -2.60  -2.61  -2.53  -5.48  -3.00  -3.82  -3.81  -0.38
200809 -14.36 -13.60  -9.28 -17.70 -18.69 -19.94  -9.41 -10.22 -13.44 -19.77
200810 -22.88 -22.31 -26.33 -15.97 -25.19 -21.77 -26.64 -20.01 -26.98 -25.72
200811  -5.77  -3.95  -9.48  -5.75  -8.29  -3.86 -10.09  -4.60  -6.67 -11.40
200812   7.33   6.78  11.16   4.19   4.67   6.25  12.01   8.53   6.35   4.49
200901 -13.38 -15.45 -14.65 -15.98 -13.99 -19.48 -11.89 -15.87 -13.77 -12.17
200902 -13.02 -18.56 -12.63 -18.75  -7.33 -14.29  -4.82 -18.74 -14.33 -12.27
200903   7.19  15.24   9.79  18.61   7.74  16.56   7.79  11.60  12.06   5.84
200904  18.25  23.81  16.67  32.63  12.62  25.61  10.67  25.82  17.79  18.03
200905  13.05  14.52  14.18  16.59   9.41  17.00  11.24  12.65  11.55  17.10
200906  -3.47  -5.10  -3.64  -5.33  -1.70  -4.58  -2.17  -4.90  -4.03  -2.39
200907   7.95  11.64   9.15  11.15   7.86  11.72   6.96  12.49   9.63   5.88
200908   7.71  13.19   4.38  11.32   4.72  12.58   4.09  12.90   4.06   5.65
200909   7.44   6.45   9.35   9.55   5.36   8.37   5.21   6.31   9.63   4.97
200910  -4.56  -6.26  -3.57  -5.34  -4.45  -6.29  -2.22  -6.16  -3.93  -4.27
200911   1.63   0.42   5.57   1.95   2.74   1.74   3.47   1.19   2.91  -1.73
200912   0.84  -0.18   3.48   0.65  -1.53  -1.06   0.26  -0.47   3.16  -2.37
201001  -7.15  -8.89  -2.45  -8.06  -9.15  -7.97  -6.16  -6.29  -9.00  -6.44
201002  -5.36  -7.92  -2.89  -5.69  -5.53  -5.67  -4.55  -2.85  -7.86  -5.61
201003   6.63   7.91   6.64   7.17   5.64   7.15   5.05   4.64   8.76   5.22
201004  -5.64  -6.70  -5.00  -4.57  -8.13  -4.93  -6.69  -4.98  -7.35  -5.52
201005 -13.80 -16.62 -11.37 -14.46 -14.20 -15.01 -12.37 -13.02 -14.26 -14.84
201006  -1.83  -0.61  -2.26  -1.24  -1.65  -1.24  -1.64  -2.37  -0.96  -1.04
201007  14.43  18.56  12.89  14.63  16.01  15.10  15.83  12.36  18.28  11.17
201008  -7.27 -10.31  -6.86  -5.80 -10.53  -5.90  -9.68  -2.18 -12.57  -7.57
201009  12.69  10.96  12.39  12.34  13.78  12.13  13.33  10.21  14.25  15.49
201010   6.85   5.31   8.17   6.07   8.37   5.57   8.36   6.67   6.61   6.80
201011 -15.00 -21.49  -9.33 -14.95 -18.73 -15.49 -13.95 -14.28 -16.74 -16.11
201012   9.40   7.87  10.91   9.58   7.87   9.14   8.82   7.54  11.10   9.51
201101   8.85  14.59   2.25  13.74   1.08   8.61   4.91   8.72   5.60   5.37
201102   2.41   3.43   1.11   3.75   1.05   3.82   0.28   4.49   0.10   3.87
201103   0.82  -5.15   6.61  -0.67   4.15   1.63   2.79   2.17   2.39   4.06
201104   8.87   6.84   6.37  10.21   6.85   9.71   8.96   9.78   7.52   7.25
201105  -5.74  -8.34  -3.63  -6.86  -3.53  -6.30  -3.29  -5.51  -5.25  -5.04
201106  -2.72  -4.93  -1.54  -1.48  -2.68  -2.02  -2.97  -1.53  -2.82  -5.95
201107  -8.35 -12.28  -3.38 -12.64  -2.19  -9.56  -4.84  -7.74  -6.47  -6.51
201108 -13.54 -15.24 -13.81 -14.11 -13.12  -9.54 -14.85 -10.34 -19.80  -9.60
201109 -11.09 -10.65 -12.31  -8.70 -16.16  -9.23 -14.92  -8.03 -16.97 -11.03
201110  11.68   5.68  11.93   8.17  13.45  14.38  12.81  13.94  14.36   2.28
201111  -7.03 -11.36  -0.99  -8.75  -2.74  -7.87  -5.14  -6.79  -4.51 -10.26
201112  -4.99  -6.79  -3.54  -3.76  -4.82  -3.49  -6.07  -3.60  -7.22  -7.02
201201   6.21   6.97   8.29   1.55   9.18   2.47   8.74   5.74   8.78   7.62
201202   5.79   8.43   7.70   6.60   5.90   5.64   7.03   4.98   6.00  12.23
201203  -1.21  -4.05   2.18  -4.33   1.87  -4.68   1.46  -2.46   0.86   3.97
201204  -6.50 -12.34  -0.53 -10.51  -1.15 -10.91  -1.36  -7.77  -2.74   2.72
201205 -14.70 -19.05 -13.22 -17.96 -12.53 -17.72 -13.97 -14.09 -14.22 -11.01
201206  11.65  14.58   8.12  15.60   7.83  15.78   8.84  13.30   8.69   4.08
201207  -4.14  -9.70   1.15  -9.62   0.93  -9.65   1.78  -6.98   2.17  -1.28
201208  10.15  17.24   6.04  14.61   7.35  14.99   7.32  11.18   6.48   8.51
201209   2.15   1.43   1.53   6.11  -1.64   6.03   1.07   3.20   1.02  -3.84
201210   3.45   1.39   2.35   2.12   1.08   1.31   0.95   3.35   0.01   6.04
201211   1.63   0.58   2.50  -0.14   1.64  -0.53   2.62   1.92   1.82   0.19
201212   4.75   5.53   3.27   6.58   3.41   6.73   3.81   4.36   0.56   7.98
201301   8.84  19.67   1.02   7.06   6.97   7.20   6.75   6.09   6.20  23.41
201302  -9.55 -17.65   0.13 -10.90   1.08 -10.70  -3.25 -11.24  -3.38 -15.30
201303  -3.29  -8.67   1.52  -3.82   1.60  -3.38   0.21  -3.89  -0.72  -7.98
201304   9.88  18.40   2.47   9.70   2.84  10.22   4.99  11.43   6.24  14.91
201305   2.74   7.02   1.82   1.65   3.22   2.09   3.64  -1.14   2.95   9.74
201306  -8.81 -13.88  -6.89  -8.88  -4.84  -9.08  -5.12  -7.73  -6.78 -12.82
201307   9.74  12.02  10.85   8.14   8.00   8.51   8.86   6.90   8.69  12.12
201308   0.64   2.68   0.21   1.44   0.45   1.81   0.07   0.73   0.12   1.28
201309   6.54   9.06   4.35   6.47   3.68   6.72   3.58   7.38   4.02   9.60
201310  11.42  18.61   3.97  11.71   5.61  12.45   7.45  11.55   7.95  14.70
201311  -0.78  -2.17   0.23  -1.41   0.56  -1.38  -0.02  -0.81  -1.39  -1.33
201312   0.80   2.01  -1.18   0.09  -0.32  -0.24  -0.11   0.44  -0.55   3.25
201401   0.14   4.58  -2.55  -2.04  -4.91   1.02  -5.13  -1.14  -3.40   1.99
201402   7.84  11.70   7.16   6.83   6.25   7.66   6.12   8.05   6.99   9.55
201403   5.39  10.70   0.95   4.82   0.88   5.82   0.34   5.24   1.62   6.88
201404   1.07  -0.28  -0.06   2.37   1.83   2.63   1.35   2.20   1.91  -0.59
201405  -1.33  -2.09   0.31  -2.11  -1.44  -1.65  -0.92   0.97  -1.25  -6.32
201406  -0.59  -1.98  -1.90   1.75  -3.08   3.89  -2.92   5.02  -2.06  -4.98
201407  -5.49  -4.79  -4.83  -6.36  -5.03  -5.78  -5.09  -5.39  -4.76  -7.21
201408  -1.93  -3.15  -1.76  -1.79  -2.36  -2.76  -1.62  -3.44  -1.58  -2.03
201409  -2.40  -0.57  -4.06  -3.73  -3.04  -2.39  -2.00  -2.64  -2.31  -5.97
201410  -6.01  -5.39  -4.01  -8.02  -4.66  -7.33  -4.15  -7.31  -2.46  -8.16
201411   0.45   0.96   5.10  -3.52   4.91  -3.39   4.21  -3.07   3.74   4.52
201412  -6.94  -7.48  -3.49  -9.31  -3.53  -9.06  -3.43  -9.28  -4.80  -4.87
201501   1.07  -2.17   5.03  -0.59   5.97   1.00   5.15  -1.46   3.88   5.53
201502   7.67  12.84   5.23   7.47   5.99   7.64   4.62   8.28   5.84  13.86
201503   0.07  -0.45   3.62  -1.50   2.73  -2.00   1.80  -2.65   1.49   3.59
201504   4.61   4.92   4.49   6.04   5.88   5.47   3.92   7.94   4.45   2.40
201505   0.89   0.51   2.56   0.11   0.29   0.27   2.68  -1.64   2.42   0.13
201506  -2.57  -2.13  -1.64  -3.40  -1.95  -2.29  -2.71  -1.82  -1.52  -3.74
201507   4.14   3.04   5.84   2.25   6.65   3.41   6.78   0.38   6.44   5.84
201508  -4.44  -3.64  -6.35  -5.02  -3.85  -5.88  -6.19  -4.76  -5.36  -3.91
201509  -2.85  -4.11  -1.92  -3.10  -0.96  -2.79  -1.83  -1.83  -1.42  -7.31
201510   4.01   2.12   3.90   5.15   2.00   6.35   3.27   5.41   5.53   5.43
201511  -2.19  -3.13  -1.03  -1.52  -2.90  -2.84  -0.85  -0.09  -3.49  -2.96
201512  -1.96  -3.71   0.92  -3.22   0.32  -3.81  -0.77  -3.06  -0.99  -0.88
201601 -11.63 -16.37  -8.21 -16.06  -9.43 -13.08 -10.15  -6.50 -15.96 -15.19
201602  -4.33  -4.77  -3.65  -3.86  -4.84  -1.91  -6.47  -2.33  -4.40  -8.49
201603   8.18   5.84   6.11   7.80   7.95   8.33   6.58  10.20  10.36   7.47
201604   2.69   7.62   0.50   3.22   2.64   4.34   0.04   3.24   0.28   4.05
201605  -2.53  -6.08   1.00  -4.27  -1.46  -4.31   0.29  -1.50  -3.33  -4.30
201606  -9.20  -9.05  -9.04 -12.20  -8.10  -4.42 -14.46  -2.96  -9.90 -11.76
201607   4.28   1.55   4.93   5.33   3.37   1.07   7.59   0.51   5.48   7.28
201608   0.45  -0.18   0.36   0.71   0.98   0.90   2.13  -1.81   3.65   0.15
201609  -1.71  -3.00   1.82  -3.50  -1.90  -2.31  -1.39  -0.77  -3.35   0.43
201610   1.27   3.49  -0.23   4.23   0.78   1.52   0.38  -0.25   2.58   1.30
201611  -4.39  -4.70  -2.66  -4.21  -3.53  -3.85  -3.67  -4.59  -4.56  -4.18
201612  11.50  16.12   6.02  13.01  12.47  14.75   8.78  11.68  14.26   7.18
201701  -0.07  -0.47   3.62   1.70   3.68   0.22  -0.26  -3.18   5.19  -2.09
201702   0.01  -1.71   1.44  -2.13   0.30   2.17   0.29  -1.28   0.88   0.26
201703   9.38   9.88   9.95  10.03   7.54   7.94   8.43   9.94   8.21   8.49
201704   3.96   3.28   8.43   3.69   5.58   3.73   2.32   2.79   5.73   7.89
201705   5.32   2.78   5.14   7.70   4.30   7.23   4.44   4.82   3.56   7.91
201706   0.10   2.10  -2.32   1.02  -1.49  -1.12  -2.59   1.32  -1.46  -3.77
201707   7.82   8.56   6.70   8.96   8.49   8.60   7.18   7.77   9.97   7.06
201708   0.91   0.97  -0.09   1.50   3.26   4.74  -0.83  -0.97   3.86  -0.51
201709   3.49   5.76   2.08   2.73   2.57   3.09   3.37   4.57   3.48   6.88
201710  -0.18  -3.09   1.61   0.46   1.86   0.10   1.29  -1.37   1.64  -1.95
201711   0.32   0.46  -0.85   2.74  -1.84  -0.16  -0.47   0.72  -2.80  -6.31
201712  -0.41  -0.08   1.52  -2.50   1.51  -1.01   1.61  -0.55   1.58   1.45
201801  10.04  14.17   8.01  10.81   8.47  10.09   8.84   9.38  10.00  17.42
201802  -6.06  -5.34  -6.16  -6.79  -4.58  -7.07  -4.64  -5.53  -4.71  -6.89
201803   0.75  -0.54   1.08   1.56   1.58   3.04   0.75   1.18   0.59  -2.89
201804   4.52   6.43   2.41   4.81   3.62   6.20   3.24   6.51   3.12   4.16
201805  -9.40 -12.07  -2.09 -10.61  -1.31  -9.40  -1.98 -11.75  -3.77 -10.83
201806   0.17  -1.67   2.21  -3.06   3.81  -1.54   3.35   1.10   0.27  -3.84
201807   3.06   3.94   1.46   2.90   0.19   2.81   1.21   4.74   0.84   1.56
201808  -7.96 -10.26  -1.17  -8.16  -3.98  -7.58  -2.42 -10.65  -3.06 -10.01
201809   2.49   4.11   1.30   2.73   0.65   3.24   1.32   3.12   0.81   4.42
201810 -10.41 -10.99 -13.04  -8.71 -12.23  -8.01 -12.64  -7.68 -13.16 -14.15
201811  -0.05   0.38  -3.32   6.06  -5.06   1.71  -5.06   0.54  -1.64   1.33
201812  -2.66  -5.39  -2.39  -1.83  -3.46  -1.07  -3.13  -1.33  -5.91  -8.99
201901   7.66   5.90   8.52   6.16   9.09   7.13   8.53   6.61  11.97   7.52
201902   3.13   4.57   2.23   3.83   3.60   2.91   2.52   3.27   0.86   1.87
201903   1.84   0.28   1.07   1.26   1.03   1.78   1.51   3.17   1.79  -0.64
201904   2.24   3.02   2.54   3.74   1.84   2.03   1.57   1.24   3.00   2.68
201905  -6.91 -10.73  -5.08  -8.70  -5.23  -8.30  -3.63  -6.57  -6.28 -11.70
201906   8.44   7.79   9.50   9.03   9.77   9.32   8.41   8.46  10.25   5.77
201907  -1.65  -1.94  -2.64  -0.68  -2.89  -1.40  -2.25  -1.02  -2.36  -0.33
201908  -1.66  -2.84  -2.05  -0.30  -2.83  -0.85  -2.52   0.28  -2.27  -4.59
201909   2.79   5.50  -0.92   4.82  -0.76   4.05  -0.85   4.67  -0.29   3.78
201910   4.12   5.05   2.70   7.00   2.73   4.97   1.94   3.61   6.58   1.66
201911   2.07   1.86   6.56   1.46   6.03   0.88   7.27   0.49   3.47   1.33
201912   1.71   2.12   0.05   2.44   0.23   2.69  -0.11   2.38   0.13   3.24
