%    Value-Weight Dollar Returns      All 4 Data Items Not Reqd
%               -- BE/ME --   --- E/P ---   --- CE/P --   ------  Yld  -----
%         Mkt   High    Low   High    Low   High    Low   High    Low   Zero
197501   5.27   4.03   4.32   5.10   3.06   2.78   4.68   3.51   5.61   2.69
197502  14.90  16.21  12.74  17.50  13.44  15.57  14.69  14.75  14.67   0.91
197503   2.13   3.48   0.48   5.90  -1.26   2.92   2.79   1.83   0.61   2.93
197504   0.19   0.06  -0.45  -0.04  -1.07  -2.18   2.45  -3.20   1.82  -5.72
197505  -0.21   2.19  -2.73   0.45  -1.30   1.83  -2.76   2.60  -2.49  -5.59
197506   1.40   3.90  -0.10   4.04  -0.26   0.17   3.48  -0.39   1.98  -2.74
197507  -5.28  -6.53  -4.38  -7.35  -3.62  -4.03  -6.82  -4.60  -4.90  -6.89
197508  -4.41  -3.55  -5.52  -4.19  -5.33  -4.50  -4.59  -4.65  -4.72 -13.55
197509  -6.35  -6.06  -5.84  -6.13  -5.10  -7.87  -7.63  -7.08  -6.01  -4.37
197510  11.00  11.80   8.85  14.54   8.00  14.46  11.14  14.25   7.92  16.02
197511   0.90   1.48   1.02   1.39  -0.46  -0.86   2.61  -2.32   2.71 -12.17
197512   1.11   1.72   0.00   2.29   0.09   2.34  -0.80   3.88  -0.67   0.02
197601   5.61   7.14   1.42   4.76   5.12   8.75   1.70   9.26   2.72  11.79
197602   0.94   3.22  -0.29   1.37   0.71   3.44  -0.34   3.02  -0.37   2.84
197603   0.10  -1.32   1.58  -0.92   0.97  -2.69   3.91  -2.80   2.00   2.09
197604   0.90   2.42   0.20   1.73   0.18   0.85   1.11   0.74   0.77   9.61
197605   0.72  -0.29   1.64   1.41   1.42   0.07   2.88  -1.29   2.61   2.65
197606   4.74   5.27   2.55   5.29   3.41   5.75   1.81   5.37   3.43   6.35
197607  -1.42  -1.41  -1.89  -1.52  -2.95  -1.56  -2.54  -1.93  -0.34  -3.91
197608   3.78   2.33   4.36   4.18   3.19   3.34   4.39   2.88   4.70  11.80
197609   0.71   0.64   0.57  -0.64   0.40   0.70  -0.44   0.61  -0.34   1.35
197610  -4.83  -6.46  -4.20  -4.40  -6.31  -6.08  -5.11  -8.14  -2.22  -6.14
197611  -0.84  -1.35  -0.90  -1.71  -2.31  -2.12  -1.38  -1.25  -0.36  -3.37
197612  15.06  14.10  15.09  21.53  16.95  16.58  14.53   8.87  15.91  13.50
197701  -3.13  -2.42  -4.17  -4.38  -3.34  -1.05  -4.10  -1.45  -5.71   5.37
197702   5.22   9.18   4.41   6.84   3.33   9.74   3.10   9.63   4.78   4.93
197703  -0.75   1.07  -2.35  -2.25  -0.03  -0.02   0.70   0.64  -3.10   4.01
197704   1.55   4.47  -1.17   1.34   3.38   5.71   0.10   5.62  -1.69   1.22
197705  -0.57  -1.01  -0.02   1.07  -0.94  -1.21  -1.45  -2.15   1.31  -0.12
197706   3.63   5.04   2.32   4.16   3.53   5.11   1.60   4.63   3.31   2.15
197707  -0.78   3.43  -4.65  -0.81  -0.20   4.67  -3.75   4.13  -5.98   2.57
197708   5.28   4.28   6.02   5.88   7.14   4.88   6.27   5.30   5.53   7.68
197709   0.77  -2.16   3.67   1.39  -1.20  -4.32   3.67  -3.70   4.26   2.10
197710   2.34   4.22   0.43   2.79   1.18   2.75   1.45   3.70  -0.59   0.12
197711   0.18   1.48  -1.84   0.27   0.77   2.40  -1.29   1.78  -0.67  -2.14
197712   1.04   6.14  -3.40   0.77  -0.25   4.95   0.07   5.90  -4.61   0.14
197801   3.90   7.30   3.10   7.02   2.16   6.71   2.25   3.18   6.27   5.81
197802   3.36   3.50   3.53   5.14   2.17   3.43   3.22   2.01   4.70   0.95
197803  12.82  13.63  13.00  13.63  12.14  14.11  12.59  15.26  13.02  14.81
197804  -0.17  -1.26   1.01   1.57  -2.06  -0.73  -0.59  -1.71   0.58  -0.75
197805   0.01   2.46  -1.87  -0.32   0.26   2.31  -2.06   2.29  -1.83  -1.38
197806  10.36   8.63  10.97  10.57  10.89   8.82  11.43   9.85  10.98  12.60
197807   8.42   8.15   8.73   7.57   8.72   8.89   9.42   9.94   7.02  13.56
197808  -0.35  -2.73   1.47  -1.46   0.95  -2.18   1.54  -1.80   1.43   4.22
197809   2.51   0.69   4.51   2.73   0.86  -1.00   3.48  -0.72   6.44   2.20
197810   8.01  10.78   7.14   5.69  10.37   9.58   8.65  10.83   5.39  13.67
197811  -9.45  -6.84 -11.26  -9.30  -8.96  -6.97 -11.26  -7.98 -10.70 -10.39
197812   4.27   7.18   1.26   5.42   3.03   7.84   0.66   7.01   2.73   1.55
197901  -0.47   1.78  -1.12  -1.32  -1.08  -0.76  -1.50  -0.87  -0.68   2.69
197902  -3.54  -3.08  -3.49  -2.99  -3.99  -5.67  -3.85  -4.43  -4.14  -4.36
197903  -3.17  -3.18  -1.48  -3.58  -3.14  -5.03  -2.24  -4.91  -0.80  -4.93
197904  -2.40  -2.46  -1.01   0.27  -5.54  -4.84  -3.99  -6.25  -0.54  -2.84
197905  -0.16   0.33  -0.54  -1.19   2.53   2.69  -4.11   3.32  -2.80   4.19
197906   0.87   2.28  -0.09   1.87   0.22   2.30   0.33   1.16  -0.64   6.39
197907  -0.33  -0.20   0.80  -1.23   0.56  -1.08   0.76   0.12  -0.84   9.20
197908   0.51   0.07   0.05  -0.08   0.92   1.11   0.43   0.75   1.18  -6.07
197909   1.66   2.97   1.52   2.23  -0.49  -0.32  -0.06   0.08   1.57  -2.63
197910  -7.89  -8.05  -6.48  -7.34  -9.38  -9.63 -10.17  -8.95  -6.38  -2.29
197911  -3.99  -3.42  -4.50  -4.38  -3.24  -3.06  -4.08  -3.45  -5.18  -3.36
197912   5.86   5.52   4.22   6.07   5.54   8.21   5.56   7.20   3.87   5.76
198001   1.96   1.48   0.19   2.02   0.29   2.39   0.17   4.05  -2.06   7.04
198002  -3.86  -4.21  -4.44  -5.82  -4.02  -3.41  -5.96  -2.29  -6.46   2.83
198003  -3.00  -3.66  -1.75  -3.48  -4.34  -5.10  -2.22  -4.96  -0.11  -5.92
198004   7.64   7.34   8.99   8.19   8.55   7.78   6.51   7.90  10.42   7.98
198005   6.22   7.84   3.47   6.15   5.11   6.66   6.71   7.03   4.35   1.48
198006   4.48   6.13   2.80   4.42   5.02   5.98   8.90   5.48   4.21  -1.06
198007  -5.02  -4.21  -5.28  -3.76  -3.95  -3.97  -4.37  -5.07  -6.32  -5.35
198008   6.33   6.99   6.54   7.06   6.50   6.93   7.52   6.86   8.34   2.44
198009   5.81   6.04   5.73   7.00   6.14   7.87   5.40   5.77   7.71   4.56
198010   3.01   3.81   3.89   5.04   4.50   5.47   2.91   2.18   5.09  -0.38
198011  -3.28  -4.17  -2.70  -4.56  -3.32  -4.24  -3.58  -3.75  -2.58  -4.98
198012   7.34   7.59   5.77   7.61   7.36   9.28   5.28   8.67   5.18   9.13
198101   2.27   2.30   1.23   1.04   2.44   1.36   1.92   1.38   2.95  -2.18
198102  -1.79  -1.27  -1.21  -1.44  -1.73  -4.50   0.88  -3.00   1.39  -6.18
198103   5.67   7.24   3.58  11.37   2.97   9.60   0.83   5.90   5.90  -0.42
198104   6.70  12.51   2.34  17.11   1.45  14.85   3.76   6.29   5.47  -7.41
198105  -2.90  -1.64  -2.40   1.71  -4.89  -1.63  -4.01  -2.07  -0.50  -9.95
198106   3.79   6.39   1.32   5.08   1.72   8.06   1.41   2.95   0.66   4.44
198107  -3.86  -1.53  -6.96  -0.12  -6.00  -1.25  -6.96  -2.65  -5.02  -9.22
198108   4.71   3.83   4.43   3.50   4.57   5.18   4.01   9.23   1.66  10.63
198109  -9.98 -13.53  -8.68 -17.25  -4.96 -13.51  -8.82  -7.96 -10.79  -2.64
198110  -0.40   0.43   2.12  -1.10   1.45  -2.63  -0.24  -3.96   2.83  -0.16
198111   9.70   8.08   8.99   4.39  12.21   7.01  11.58  11.49   9.51   9.62
198112   1.31   0.49  -0.18   2.36   1.89   1.14  -0.27  -0.27   2.37  -1.29
198201  -3.04  -3.06  -2.51  -2.95  -2.75  -4.34  -3.07  -4.70  -1.28  -3.05
198202  -6.37  -3.08  -6.93  -5.66  -6.13  -6.79  -7.03  -5.66  -7.49  -5.43
198203  -7.68  -7.83  -8.39  -8.70  -6.67  -6.86  -9.80  -4.76 -10.27   5.63
198204   6.59   7.94   6.83   7.19   6.24   4.83   6.53   4.64   8.37  -4.91
198205  -3.79  -3.50  -3.24  -3.92  -3.87  -5.73  -3.35  -6.10  -2.32  -6.59
198206  -5.77  -6.18  -5.38  -6.48  -5.36  -6.46  -3.27  -7.04  -5.46  -5.55
198207  -3.15  -3.05  -2.91  -3.73  -2.89  -3.75  -4.57  -3.19  -3.36   7.49
198208  -0.93   0.27  -0.97   0.55  -1.65  -1.17  -2.16  -1.33  -0.13  -6.31
198209  -3.74  -3.62  -3.57  -4.10  -4.05  -5.17  -1.75  -5.65  -2.78 -15.27
198210  -0.37  -0.09  -0.34   0.86  -1.19  -0.99   0.27  -2.77   1.65   3.96
198211  17.93  16.78  17.13  20.24  15.82  21.82  20.10  18.05  18.96  13.14
198212  11.48  13.32  10.30  14.48   9.66  15.50   8.54  13.50  11.34  16.23
198301  -3.38  -1.85  -2.85  -6.28  -0.95  -2.28  -4.04  -0.48  -5.13  31.10
198302   1.72   4.18   1.43   0.91   2.21   4.61   1.12   5.78   0.49  -2.23
198303   2.61   0.58   1.00   4.05   1.38  -0.42   5.14   0.70   2.93  -4.84
198304   2.55   0.98   3.07   3.25   2.35   0.05   3.20   1.80   3.21  12.94
198305   0.42  -0.83   2.15  -0.73   0.13  -2.25   2.86  -2.71   2.22  -1.87
198306   2.18  -0.11   2.67   2.80   1.84   2.10   0.68   0.93   3.18   2.36
198307   1.08  -0.70   2.40   0.79   2.30  -1.85   1.21  -1.52   3.27  -6.91
198308  -1.23  -1.23  -0.27  -2.24   0.54  -0.77   2.75  -0.26  -1.27   1.20
198309   7.33   6.21   6.03   8.22   5.98   9.89   3.22   6.74   7.43   5.41
198310   0.06   1.86  -0.77   0.74  -1.68   1.36  -0.22   0.60  -1.28  -3.41
198311   0.16  -0.78   1.00  -1.09  -0.90  -0.86   0.26  -1.80   0.55  -7.03
198312   7.66   8.80   5.69   8.78   5.60  11.17   5.72  10.11   6.69   3.16
198401   5.30   3.48   3.86   5.13   1.30   3.15   2.91   5.04   1.73   2.55
198402  -0.11  -0.37  -1.65  -1.07  -2.40  -2.74  -2.27   0.89  -3.67  -2.03
198403  18.06  15.61  14.95  15.84  13.90  11.97  12.86  17.25  12.18   9.98
198404  -1.91  -2.46  -3.78  -1.90  -1.80  -3.35  -3.73  -1.34  -3.54  -1.57
198405 -12.53 -10.92 -13.60 -13.16 -11.93 -11.99 -11.14 -10.18 -13.53  -3.79
198406  -0.17  -0.95   0.52  -0.39   0.61  -0.81  -1.06  -1.43   0.03   0.34
198407  -7.14  -6.99  -8.08  -7.19  -7.04  -5.89  -6.48  -6.54  -6.35 -10.70
198408   9.18   7.33  11.91   9.28  10.94   9.62  12.25   5.31  13.56   7.15
198409  -0.33  -3.68   3.70  -2.58   2.08  -1.76   1.54  -4.21   2.38   3.22
198410   4.40   4.37   2.76   5.50   4.30   0.58   4.29   4.11   0.86   3.44
198411   1.16   3.19  -1.81   1.77  -2.42  -0.97  -3.29   3.98  -5.28   3.55
198412   4.08  10.83   0.33   7.62  -0.09   8.78   0.88  10.96   0.28  -1.06
198501  -0.09   1.31  -0.37  -0.17  -0.61  -2.61   1.53  -4.83   0.37  -2.24
198502   3.92  -0.82   7.93  -0.84   8.83  -0.85  -3.31  -1.88   7.55   0.27
198503   5.59   2.97   5.55   3.04   5.93   4.98   2.85   8.86   2.79  14.59
198504  -3.78  -1.17  -5.29  -1.34  -6.14  -2.91  -2.33  -2.61  -5.14   1.30
198505   3.92   1.53   4.40   2.08   5.52   6.59   0.68   9.93   1.74   6.55
198506   4.66   4.55   5.15   3.83   5.29   4.43  -0.01   3.86   4.51   2.52
198507   1.05   2.39   0.70  -0.75   2.14   1.49  -0.07   5.69  -1.60   1.78
198508   2.31   3.73  -0.07   3.52   0.58   4.70   5.34   6.80  -0.35  -2.96
198509  10.29  11.58   6.81  15.83   6.21  20.06   8.70  24.14   4.95   6.46
198510   2.51   1.00   4.78   1.09   2.20  -3.11   7.13  -7.09   7.02   4.48
198511   1.77   2.41   1.57   1.77   0.44   0.66   2.86   0.23   1.72   1.63
198512   5.92   4.14   6.33   7.95   5.98   9.73   6.78   6.57   6.00  10.30
198601   2.93   5.27   1.63   5.22   1.57   3.29   7.83   3.64   2.20   1.85
198602  11.29   6.61  12.53   5.17  11.33   6.48  10.88  15.86   9.19  15.75
198603  19.53  13.93  22.30  12.95  21.01  16.78  20.70  18.29  19.51  15.55
198604   4.16  12.75  -0.28  13.78  -1.89   9.96   5.60   1.90   1.71   3.58
198605   1.62  -1.69   3.50  -2.93   3.77  -4.44   3.82   0.71   2.35   9.51
198606   7.80   6.92   7.39   7.44   6.54   7.18   5.76  12.49   5.33  10.05
198607  14.14   3.96  18.72   5.00  15.06  18.08  11.15  27.39  12.76  10.79
198608   7.99  13.58   7.61  10.19   5.68  11.38   0.38   5.97   5.25  -6.19
198609   3.86   5.94   4.56   4.93  -1.06  12.99   1.53   9.67   0.83  -8.10
198610 -12.56 -11.88 -13.53  -8.47 -11.29 -12.40 -10.43 -17.47  -9.38  -8.89
198611   4.73   2.60   4.94   1.73   6.18   1.30   8.54   4.46   5.60   6.33
198612   8.33   8.32   9.53   7.72  10.84   8.10   9.98   7.44  10.90   1.95
198701  18.09   2.88  27.51   1.63  19.51   3.30   4.23   8.94  24.95   8.77
198702   0.43   0.91   0.41  -0.34  -1.19   0.78   4.01   3.58  -0.96  12.74
198703  11.20   3.84  14.12   2.61  14.75   0.50   8.95   7.21  14.77  12.48
198704  16.89  11.51  19.57  11.60  15.72  12.71   7.23  13.22  18.06  18.99
198705  -1.34   5.54  -3.97   3.56  -1.19  -0.80   5.34  -1.54  -2.87  -1.73
198706  -7.78   4.65 -11.84   3.23  -8.54   2.45  -6.46  -2.28 -11.41  -7.75
198707  -3.05   2.33  -4.66   1.74  -5.16  -1.65  -0.91  -3.31  -4.11  -3.73
198708  11.96   6.47  13.89   7.41  11.52   7.20   8.64  13.52  12.88  17.16
198709  -3.60   7.64  -7.62   5.68  -6.54   7.25  -4.47   1.50  -7.18   0.19
198710  -8.26 -12.68  -6.81 -11.29  -5.59 -11.61  -9.11  -6.00  -8.72   0.86
198711   3.85   4.96   3.39   4.54   3.65   3.35   5.03   3.03   4.93   2.73
198712   1.58   6.97  -1.05   6.76   0.97   3.65   3.41   3.03  -0.15  -5.32
198801   4.79   1.56   5.32   4.93   3.41   1.02   1.62   2.69   5.14   5.66
198802   7.69   9.34   6.74  11.44   5.78   9.86   4.60  11.70   5.50   6.01
198803   6.82   9.36   6.15   8.46   6.00   8.54   5.00   7.31   5.38  16.97
198804   0.91   3.22  -0.16   1.04   1.33   2.98   2.66   2.38  -0.13  -2.13
198805  -4.07  -3.37  -5.11  -5.31  -4.02  -4.35  -4.85  -1.47  -6.05  10.91
198806  -3.28   0.93  -5.65  -2.34  -4.90   0.37  -7.60   3.38  -5.43   4.86
198807   3.94  10.79   2.36   8.60   2.47  14.81   2.39   5.50   2.19   2.64
198808  -7.91 -10.71  -6.88 -10.57  -6.05 -12.27  -5.92  -9.44  -6.92 -10.15
198809   3.09   3.19   1.01   2.14   0.94   3.46  -1.57   7.07  -0.67  13.30
198810   5.89   4.43   5.25   6.96   2.81   4.33  -2.24   9.77   3.40  14.35
198811   9.66   8.79   9.90   8.62   8.87   8.29   7.26   8.15  10.58  13.87
198812   0.36   3.62   0.43   3.96  -0.13   3.59  -2.67   1.83   1.10  -7.32
198901  -0.59   0.82  -1.81   0.48  -1.14   0.01  -0.32   2.72  -3.17   2.92
198902   1.82   1.71   1.29   1.81   2.20  -0.96   2.96   3.23  -1.30   6.31
198903  -3.92  -1.75  -4.65  -4.07  -4.72  -7.76  -0.99  -4.93  -5.22   3.23
198904   0.13   2.12  -0.99   0.24   0.10   1.22  -0.45   2.75  -2.09   6.36
198905  -5.05  -0.86  -6.64  -1.72  -7.27  -0.21  -6.71  -3.40  -5.27  -6.23
198906  -4.42  -3.14  -4.75  -3.71  -5.07  -4.98  -5.37  -4.65  -3.14  -8.83
198907  13.10   9.58  14.13  11.27  14.67  11.29  13.81  12.03  14.05  13.41
198908  -7.23  -4.62  -8.15  -5.68  -9.22  -8.44  -8.36  -9.10  -6.51 -11.32
198909   7.26   8.40   6.47   7.68   7.80   5.04   8.62   7.37   6.32   5.56
198910  -3.48  -2.90  -3.99  -2.48  -4.25  -2.61   0.37  -2.83  -5.54  -0.16
198911   5.15   1.14   6.59   3.52   6.84   3.88   3.16   5.04   5.32  10.43
198912   0.80   1.25   0.25   0.06   0.46  -0.72  -0.35  -0.18   2.05   1.62
199001  -5.87  -3.23  -7.38  -3.65  -7.62  -4.21  -6.71  -5.01  -7.21  -7.44
199002 -10.02  -8.80  -9.98  -9.64  -9.70  -8.51  -9.05  -9.16 -10.46  -7.37
199003 -18.58 -15.34 -21.58 -14.95 -20.34 -14.47 -23.46 -18.56 -17.07 -21.52
199004  -0.17   0.60   0.10  -0.02  -1.54   0.38   2.05   2.88  -4.12   2.31
199005  14.82  12.66  16.52  12.82  17.38  11.30  18.32  14.20  15.18  22.18
199006  -4.50  -1.76  -6.07  -2.19  -5.59  -3.14  -5.06  -4.74  -2.85 -11.85
199007  -0.53   0.03  -0.59  -0.02  -0.71  -1.65   0.38  -0.57  -0.92  -1.25
199008 -10.44 -11.23  -9.75 -10.15 -11.92  -9.51 -11.36 -10.41  -8.62 -18.83
199009 -16.53 -14.50 -18.92 -15.22 -17.11 -14.45 -16.82 -16.69 -18.47 -23.92
199010  25.92  21.29  25.94  21.45  31.09  25.98  29.46  24.66  22.05  41.14
199011 -12.20 -12.80 -13.15 -10.67 -16.40 -13.85 -15.78 -14.51  -9.43 -24.79
199012   3.73   0.74   5.40   1.33   5.08   3.75   2.16   3.63   4.71   7.45
199101   2.98   1.73   3.35   2.29   1.21   2.79   1.90   1.83   4.34  -0.71
199102  11.68  16.04   8.64  15.43  11.94  11.56  15.95  15.83   5.81  26.25
199103  -5.23  -5.84  -4.96  -6.12  -5.07  -6.66  -7.16  -7.00  -3.16  -6.36
199104   2.58   2.01   2.34   2.38   0.80   0.10   1.63   1.71   3.36  -0.63
199105  -1.34  -1.96  -1.65  -2.54  -2.50  -2.51  -2.56  -1.25  -1.60  -0.59
199106  -7.32  -6.53  -7.98  -6.84  -7.96  -4.49  -7.47  -6.91  -7.22  -8.73
199107   3.06   4.39   2.02   4.05   1.99   3.12   2.69   3.94   2.01   4.77
199108  -5.54  -7.85  -4.72  -7.21  -5.88  -6.12  -8.84  -6.35  -4.75  -5.01
199109   8.31   9.11   6.99   8.75   8.02   5.62  14.41   9.84   5.33  10.39
199110   4.74   2.22   6.91   2.75   5.36   1.89   4.10   1.77   8.04   4.61
199111  -7.06  -8.42  -7.49  -8.40  -6.02  -6.08 -10.03  -7.67  -6.46  -9.49
199112   3.09   4.31   2.95   3.84   3.10   4.18   4.34   4.55   2.07   4.03
199201  -5.71  -1.70  -8.08  -1.60  -7.99  -2.90  -4.39  -3.42  -8.21  -7.25
199202  -7.60  -7.33  -8.51  -6.82  -9.43  -5.87  -5.03  -6.85  -9.39  -7.77
199203 -11.03  -9.72 -12.57  -8.54 -13.02  -8.89 -10.84  -9.70 -13.07 -12.57
199204  -6.88   0.44 -11.41   0.17 -12.14   1.44  -6.16  -2.00 -12.04 -10.85
199205   8.25   6.50  10.16   6.14   9.59   5.03   9.47   7.76   9.27  15.95
199206  -9.00  -7.16 -10.76  -6.63 -11.11  -5.02  -8.48  -7.42 -10.55 -12.22
199207  -1.08  -4.04   1.62  -4.63   2.43  -3.06  -5.22  -3.02   2.38  -0.33
199208  17.93  12.34  23.39  12.42  23.97  10.16  17.58  14.11  24.31  20.06
199209  -3.17  -2.81  -4.08  -3.87  -3.60  -4.04  -3.28  -2.49  -4.27  -0.19
199210  -4.97  -3.80  -4.59  -3.77  -5.26  -4.10  -5.74  -5.16  -3.65 -11.30
199211   2.86   2.17   4.31   2.38   4.00   1.35   3.32   1.74   4.70   1.61
199212  -1.21  -0.31  -1.59  -0.56  -2.43   0.95  -2.89  -0.97  -1.09  -2.18
199301  -0.08  -0.69  -0.11  -0.48   0.38   0.20  -0.02   0.17  -0.54   2.70
199302   3.97   2.30   4.10   2.72   4.07   4.91   2.94   3.73   4.19   1.33
199303  16.18  20.66  11.57  16.39  11.91  25.26  13.10  19.47   9.13  19.30
199304  17.19  20.20  14.17  17.16  15.47  17.10  14.17  19.74  13.86  21.87
199305   3.41   1.19   6.25   1.12   6.04  -0.69   1.87   1.45   7.12   7.09
199306  -3.18  -5.17  -0.84  -4.91  -1.26  -6.18  -3.78  -4.59   0.12  -9.52
199307   7.74   8.42   8.27   6.59   8.10   8.55   6.66   6.70   9.38   1.68
199308   2.39   3.43   1.75   2.68   2.02   2.30   2.53   1.77   1.73  -0.15
199309  -5.73  -4.98  -5.50  -2.77  -6.73  -6.55  -1.03  -5.94  -4.74 -12.04
199310  -0.85  -0.75  -0.37  -1.59   0.61   0.65  -4.40  -0.61   0.14  -8.94
199311 -15.88 -15.96 -17.43 -12.14 -18.79 -13.05 -14.10 -13.45 -18.28 -19.08
199312   2.50   4.84   1.54   2.19   2.80   4.93   0.67   2.22   2.28   5.14
199401  17.17  19.27  16.32  15.55  19.17  18.90  15.75  16.00  17.63  24.24
199402   3.93   5.50   3.03   3.74   3.68   5.06   3.04   3.84   3.56   5.53
199403  -3.03  -1.76  -4.38  -2.78  -4.83  -2.96  -1.01  -1.91  -4.66   3.00
199404   3.64   3.48   3.43   2.78   4.36   2.10   2.62   4.52   3.12   4.89
199405   1.77   3.74  -0.03   0.73   1.56   0.70   0.25   2.24   0.78   3.29
199406   5.50   6.58   4.59   6.93   4.57   6.21   6.50   6.21   4.73   9.16
199407  -3.86  -4.82  -3.57  -2.58  -4.36  -5.24  -2.35  -3.60  -4.15  -5.59
199408   0.76   1.40   0.33   0.19   1.10   3.31   0.51   1.62   0.26   1.42
199409  -2.64  -2.66  -3.02  -2.16  -3.40  -1.85  -2.02  -1.76  -3.12  -3.40
199410   3.17   4.68   2.29   1.86   3.01   4.34   2.34   3.02   2.96   5.33
199411  -5.81  -5.78  -5.61  -4.45  -6.59  -6.39  -4.35  -6.01  -5.75  -7.69
199412   1.86   1.28   2.59   1.09   3.59   1.77  -0.11   0.78   3.19   1.29
199501  -6.58  -5.98  -5.85  -5.97  -5.98 -10.18  -6.88  -6.24  -4.82  -7.29
199502  -4.85  -4.81  -5.04  -3.30  -5.70  -1.99  -5.82  -2.66  -5.32  -6.91
199503   9.00  10.04   8.92  11.19   8.33  13.22   8.36  10.35   6.97   7.79
199504   4.88   2.27   5.90   3.39   6.27   2.92   4.10   3.34   6.74   3.73
199505  -5.79  -5.94  -5.58  -3.74  -5.83  -4.92  -5.77  -4.82  -4.52 -10.37
199506  -4.57  -2.59  -6.12  -1.34  -6.53  -0.75  -3.09  -2.32  -7.57  -9.40
199507   7.03   6.69   7.49   3.62   9.24   3.85   6.12   3.61  10.26   9.27
199508  -2.91  -1.48  -4.17  -2.63  -4.15   0.15  -0.82  -2.75  -5.42   2.12
199509  -1.27  -2.39  -0.91   0.24  -1.67  -0.30  -3.38   0.24  -0.57  -1.34
199510  -4.14  -3.88  -4.16  -2.42  -5.62  -3.14  -2.85  -2.83  -4.56  -4.98
199511   4.89   4.22   5.51   1.87   6.30   0.92   4.45   2.37   6.63   7.36
199512   4.88   6.01   4.41   4.07   5.89   2.78   2.73   3.25   4.67   4.91
199601  -1.67   0.70  -3.22  -0.87  -4.01  -0.62  -0.90  -0.45  -3.75   2.16
199602  -1.50  -0.57  -1.80  -0.09  -2.80  -0.70  -0.01  -0.19  -2.68  -2.35
199603   3.05   2.48   3.26   1.18   4.22  -0.09   3.00   1.71   3.90   5.12
199604   5.38   6.45   4.53   6.02   3.86   6.76   7.45   6.16   4.46   5.86
199605  -3.98  -3.26  -4.00  -4.18  -3.97  -5.06  -4.31  -4.45  -4.37  -3.92
199606   0.73   2.01   0.10   0.95  -0.35   2.23  -0.88  -0.22   0.17   1.19
199607  -4.58  -4.54  -4.84  -2.66  -6.02  -4.48  -3.64  -3.36  -5.43  -5.74
199608  -4.29  -4.22  -3.86  -4.96  -3.73  -3.55  -6.17  -5.15  -3.55  -5.85
199609   3.60   3.83   3.35   3.66   4.02   4.14   4.43   2.27   4.05   1.24
199610  -6.90  -6.97  -7.08  -6.68  -6.84  -6.40  -7.57  -6.44  -7.21  -8.96
199611   1.54   2.92   0.35   2.72  -0.37   2.66   0.54   0.04   0.32  -2.29
199612  -6.66  -4.75  -8.39  -3.24  -9.20  -1.56  -7.95  -5.32  -8.97 -10.94
199701 -10.87  -9.84 -11.68  -6.54 -12.24  -5.81  -7.99  -9.86 -12.32 -13.27
199702   2.15  -0.51   3.56   2.76   2.30   0.76   1.42  -0.06   3.55   0.46
199703  -2.98  -2.73  -2.88  -2.44  -3.68  -1.52  -2.06  -4.14  -2.68  -6.33
199704   2.66  -0.76   4.05   3.43   0.83   2.88   5.02  -0.29   4.28   0.65
199705  13.05  14.39  13.96  10.85  17.05  12.20  15.68  11.64  13.85  10.96
199706   6.74   6.73   6.64   4.79   6.89   5.61   3.27   4.52   7.32   4.09
199707  -3.01  -5.78  -0.94   0.53  -3.87  -2.66   1.27  -6.71   0.10 -11.67
199708  -8.96  -9.30  -8.87 -10.07  -6.90 -11.57 -10.69  -8.14  -9.09 -11.09
199709  -1.91  -7.01   0.69   0.34  -2.53  -3.57   2.49  -6.66   1.72 -14.86
199710  -8.41  -4.36 -11.28  -5.53 -11.27  -6.12  -7.03  -2.99 -11.89   4.24
199711  -6.54 -14.58  -3.06  -7.66  -3.04  -7.19  -3.56  -9.77  -2.95 -18.26
199712  -6.60 -10.45  -4.93  -6.15  -5.34  -7.43  -4.01  -9.66  -5.13 -17.79
199801   9.59  34.78   4.73  18.65   7.18  18.75   3.56  20.21   4.51  26.85
199802   0.57   8.93  -1.47   4.62   0.63   2.55  -1.91   4.38  -1.83  13.87
199803  -6.79 -12.83  -6.00  -7.96  -8.25  -8.86  -3.87  -9.25  -5.85 -15.46
199804  -0.85  -5.76   0.57  -3.46   0.02  -1.83   0.38  -2.85   0.69  -4.26
199805  -4.81  -4.57  -5.44  -4.82  -5.49  -2.73  -5.08  -4.30  -5.47  -1.62
199806   0.69   0.73   0.41   2.89   0.20   2.62  -0.80   2.16   0.11   3.00
199807  -1.02  -3.91   0.07   0.11  -1.79  -0.25   0.21  -2.08  -0.07   0.66
199808 -10.72 -12.51 -10.72  -9.31 -12.19 -12.07  -7.95  -7.44 -11.26 -10.82
199809  -2.05  -7.69  -1.40  -3.69  -1.95  -2.78   0.91  -1.28  -1.74  -5.82
199810  16.74  26.13  15.45  15.33  21.71  18.36  12.37  23.16  13.93  13.57
199811   4.23   4.13   3.84   4.84   2.13   7.28   4.66   0.13   5.43   6.09
199812   3.55   0.63   3.75   1.49   3.68   3.96   6.47   4.05   3.32  -2.14
199901   0.73   3.99  -0.10   1.43  -1.02   3.41  -2.65  -2.83   0.83   1.88
199902  -2.82  -3.62  -2.65  -1.84  -3.01  -0.78  -3.37  -4.82  -2.47  -4.58
199903  14.64  22.30  13.25  14.85  14.22  17.05  10.24  13.67  14.67  18.43
199904   4.93  12.27   3.11   2.55   5.12   7.28   3.64   7.32   4.00   7.60
199905  -4.41  -7.56  -3.42  -0.58  -4.34  -5.19  -0.40  -4.04  -3.98  -2.18
199906   9.62  11.88   9.86   9.41   9.58  13.28   7.59   3.87  11.57  11.30
199907  10.35   9.49  10.77   8.98   9.31   9.87   9.69   8.54  11.56   8.71
199908   2.38   8.09  -0.19   3.21  -1.24  -3.28   5.09   5.33  -0.60   2.86
199909   6.77   8.72   6.28   5.42   7.27   8.67   8.29   3.95   8.55   2.67
199910   6.89   6.73   6.30  -0.31   8.87   9.29   4.71   2.53  10.03  -1.81
199911   7.63  -2.01   8.87   2.85  14.46   9.46  12.77  -5.80  13.67  -2.95
199912   5.08  -6.97   7.77  16.20  -2.01   5.94   3.57  -9.41   9.57  -9.00
200001  -5.53   3.30  -8.64   2.72 -10.62   1.29 -10.20  -0.80  -8.42   4.95
200002  -2.27 -15.34   0.93  -5.67   4.01  -6.01   3.17 -10.94   0.73  -9.70
200003   7.87  16.53   5.74  10.77   0.26  14.80   2.49  11.09   5.94  13.38
200004  -8.02  -4.75  -9.12  -1.37  -9.79  -0.43  -8.76  -2.68  -9.72  -6.27
200005  -7.09   7.27 -10.96  -2.69 -15.55  -0.02 -14.71   6.89 -11.50   5.35
200006   6.73  13.93   5.60   9.69   3.41  11.64   4.99  10.46   5.38  15.73
200007 -11.26 -12.19 -11.42  -7.35 -11.39  -9.11 -12.44  -8.55 -11.49 -14.74
200008   6.36   5.29   6.35   0.25   8.61   2.71   8.16   3.27   7.32   4.37
200009  -4.29  -0.48  -5.63   0.05  -3.86  -1.38  -5.76  -0.56  -6.09   1.73
200010  -6.77  -0.88  -9.01  -4.11 -10.21  -2.14 -11.12  -1.62  -8.80  -1.95
200011  -2.68   1.39  -2.87  -0.47  -0.87   1.09  -1.98   3.22  -3.43  -1.19
200012  -8.61  -5.97 -11.33  -1.75 -14.90  -2.34 -14.26  -2.19 -11.83  -6.24
200101  -0.34  -1.77   0.26  -0.50   1.01  -1.37   1.61  -4.70   1.12   5.81
200102  -5.49   0.78  -8.72  -2.32 -10.13  -3.00 -11.08   3.06  -9.45   0.33
200103  -3.49  -4.33  -2.76  -3.72  -4.35  -3.78  -2.77  -4.16  -2.26  -5.44
200104   8.59  15.23   7.75   9.14   9.93   9.25   9.31  14.16   5.56  15.51
200105  -0.38  -0.03  -0.86  -0.76  -1.77  -0.74  -0.66   1.99   0.34  -3.56
200106  -5.70  -2.36  -7.70  -1.45  -8.44  -6.84  -9.23  -0.41  -7.78  -1.49
200107  -8.50  -5.99  -9.68  -7.12  -9.91  -7.02 -11.68  -5.46  -9.60  -8.73
200108  -3.08   2.89  -5.84  -0.92  -4.40  -0.69  -9.07   4.09  -7.10  -4.68
200109  -7.28 -10.71  -5.08  -9.59  -5.45  -7.29  -0.61  -5.23  -5.23 -23.35
200110   0.54  -1.97   1.80   2.28   1.73  -1.57   3.70  -0.47   0.88   7.47
200111   0.30  -4.42   2.36  -1.50   1.00  -1.05   2.61  -6.58   3.67   0.07
200112  -8.17  -9.09  -8.74  -8.41  -8.37 -10.24  -8.89  -8.51  -7.81  -6.63
200201  -7.64  -5.91  -9.15  -4.54  -9.59  -4.47  -9.13  -6.04  -8.26  -1.43
200202   4.21   6.16   3.88   4.13   3.29   6.25   4.25   4.64   2.86   9.68
200203   6.32   6.23   6.65   6.66  10.81   6.41   6.66   3.59   7.50   6.28
200204   5.45   4.67   5.52   4.30   4.72   4.21   4.39   1.34   4.83   9.16
200205   7.15  13.20   5.10   5.43   8.91  10.05   5.72  12.24   5.50   8.43
200206  -5.35  -6.43  -5.15  -3.99  -7.05  -4.77  -5.03  -3.47  -5.36  -6.34
200207  -5.93  -3.11  -7.29  -5.86  -6.06  -3.49  -8.14  -2.84  -7.85  -3.69
200208  -1.37  -2.74  -1.24  -0.34  -2.95  -1.84  -1.88  -0.68  -1.66  -1.62
200209  -4.94   0.25  -7.50  -2.31  -7.79  -6.25  -8.96  -2.87  -6.14  -4.22
200210  -6.59 -14.09  -4.53  -9.23  -4.26  -3.83  -2.94  -8.55  -5.67 -11.29
200211   3.97  -2.79   5.80   4.65   5.48   5.04   5.73  -0.46   6.22  -0.60
200212  -2.40  -0.59  -3.63  -0.39  -4.34  -0.32  -3.86   2.69  -3.50  -4.31
200301  -3.65   0.61  -5.22  -4.42  -5.28  -2.51  -4.85  -1.37  -5.25   2.49
200302   1.05   3.38   0.54   1.59   2.12   4.28   0.70   4.49  -0.36   7.32
200303  -4.36  -5.28  -3.78  -5.59  -2.82  -3.72  -3.04  -2.74  -4.54  -4.59
200304   0.62   0.40   1.02   3.55  -0.23   3.98   2.17   3.92  -0.38   1.99
200305   4.68   7.86   4.89   3.43   5.18   2.02   5.30   3.22   5.50   7.47
200306   7.86  13.76   6.38   8.12   7.84   7.60   5.98   3.49   6.67  21.02
200307   4.06   5.96   3.65   1.31   4.03   2.74   4.74   0.43   5.01   5.04
200308  10.47  16.04   8.89   9.20  11.61   9.15  10.10  10.44  10.07  15.84
200309   6.14  16.51   4.52   5.98   6.37   4.37   4.33  10.83   4.07  14.12
200310   4.16   6.74   2.03   2.51   7.32   3.84   1.74   5.77   2.61   7.16
200311  -3.23  -5.34  -2.69  -0.97  -5.43  -2.51  -3.29  -3.50  -3.32  -8.50
200312   6.73  10.74   5.83   8.47   5.75   6.09   5.65   7.88   6.40   8.01
200401   1.69   5.80   1.33   0.47   3.15   0.50   2.51   5.31   1.21   1.74
200402   0.06   2.94  -1.67   3.19   0.67   0.71   0.38   0.10  -1.45   2.77
200403  14.24  16.11  12.26  11.38  15.22  11.75  14.37  10.89  13.21  32.31
200404  -4.96  -4.45  -4.81  -4.99  -6.36  -4.99  -5.24  -6.83  -5.66   1.09
200405  -2.90  -0.43  -4.52  -1.10  -3.39  -1.11  -3.28   0.54  -3.54  -9.39
200406   4.50   7.83   2.66   7.96   2.93   6.81   3.05   5.18   3.17   1.86
200407  -6.10  -5.38  -7.02  -2.74  -7.62  -4.16  -7.75  -2.46  -6.75 -13.61
200408   0.67   0.45   1.89  -1.43   0.59  -0.40   0.84   0.84   0.94   7.72
200409  -2.80  -2.19  -2.85  -2.57  -2.27  -2.45  -1.75  -2.22  -2.63  -5.68
200410   2.41   1.32   2.23   2.46   1.10   2.13   2.41   2.83   2.43   2.78
200411   4.80   5.05   4.28   2.24   6.05   2.25   4.96   5.17   5.18   8.02
200412   5.29   5.48   4.75   4.78   4.23   4.23   5.04   3.41   5.05   9.75
200501  -1.67   0.39  -1.97  -2.73  -0.91  -1.77  -1.04  -1.14  -2.39   4.14
200502   1.62   2.34   0.27   1.74   1.37   2.60   0.57   2.36   0.90   0.46
200503  -2.24   0.32  -2.69  -2.55  -2.16  -2.36  -2.38  -1.54  -2.59  -2.99
200504  -2.15  -1.94  -2.52  -2.07  -3.03  -2.35  -2.22  -0.79  -2.50  -3.93
200505  -1.93  -1.92  -1.98  -1.71  -2.33  -2.17  -2.51  -2.39  -1.40  -3.91
200506   0.70   1.48   0.68   0.76   0.39   0.60   0.95   1.95   0.35   0.76
200507   1.02   1.06   0.54   1.26   0.83   2.25   1.59   1.74  -0.22   0.75
200508   7.46   5.79   8.10   7.81   5.70   5.56   6.68   4.22  10.38  12.10
200509   8.99   5.87   7.64  11.02   5.64   9.26   6.49   6.07   9.65  11.58
200510  -0.74   2.12  -1.62  -2.10   1.17  -1.95  -1.51  -2.63   0.29   0.07
200511   3.64   1.83   4.93   1.81   6.21   2.16   4.44   0.82   4.24   9.91
200512   8.91   5.45  10.24   6.08  10.99   6.58  11.60   6.94  11.25  18.40
200601   4.34   4.55   3.27   3.78   5.26   4.55   2.32   3.97   4.40   1.47
200602  -1.02   1.32  -3.60   0.41  -4.11   0.47  -4.29   1.13  -3.10  -8.32
200603   2.27   0.90   2.89   1.59   3.27   1.02   3.63   0.65   3.14   1.24
200604   2.75   3.96   1.04   5.20   0.59   4.93  -1.15   5.22  -0.13   1.19
200605  -6.28  -4.26  -6.70  -4.94  -8.81  -4.20  -8.19  -4.27  -7.90 -11.71
200606  -1.10  -0.90  -0.50  -1.10  -0.35  -1.99  -1.61  -2.00   0.22  -1.38
200607  -0.83  -0.75  -2.08   0.17  -1.88   0.59  -2.99  -0.69  -1.71  -3.76
200608   1.68   1.24   1.75   1.40   2.71   2.67   3.04   2.81   0.73   3.06
200609  -1.88  -2.01  -1.72  -1.98  -2.28  -2.06  -1.64  -1.39  -1.73  -4.02
200610   1.94   0.70   2.11   2.98   1.20   2.76   1.79   3.39   1.50   2.91
200611   0.45   0.05  -0.45   1.05  -0.76   1.98   0.13   2.16  -0.86  -4.43
200612   2.40   0.94   1.10   4.50   0.99   4.68   1.24   4.48  -0.09  -5.08
200701   0.75   2.74  -0.16   2.12   1.77   2.53   0.00   1.81   0.46   2.28
200702   4.01   4.61   3.22   4.90   3.91   7.03   2.65   6.17   2.43   1.22
200703  -1.26   0.70  -1.72  -1.07   0.66   0.18   0.77   0.17  -2.09  -3.95
200704  -2.17  -2.08  -1.25  -4.19  -0.02  -3.00  -0.59  -3.17  -2.37  -2.37
200705   1.22  -1.17   1.43   3.75  -0.33   0.39   0.18   0.88   2.57  -1.49
200706  -0.13  -0.24   0.62  -0.49  -1.04   0.03  -1.41  -1.60  -1.05   0.67
200707  -0.19  -1.72   0.92   0.93   0.96  -0.11   1.87   0.48  -0.18   0.84
200708  -3.03  -2.69  -2.09  -5.59  -2.30  -1.71   0.31  -2.04  -4.04  -5.54
200709   1.93   0.82   2.30   2.04   3.47   3.08   3.83   3.15   0.50   1.80
200710   0.06   0.02  -0.61   0.01   0.32  -1.91   1.89  -1.67   2.22   7.72
200711  -1.83  -3.02  -2.14  -3.50  -1.34  -2.34  -2.33  -0.90  -2.48  -0.65
200712  -3.41  -1.39  -4.50  -3.35  -2.69  -2.10  -3.19  -3.45  -4.64  -7.38
200801  -4.77  -2.09  -7.12  -4.12  -5.12  -3.57  -5.32  -3.47  -5.87  -4.09
200802   1.18   0.77   1.59   0.82   1.31   0.88   0.61   1.91   0.88   5.21
200803  -3.51  -1.87  -2.62  -5.68  -2.16  -4.50  -1.03  -4.04  -3.12  -0.91
200804   6.32   4.85   5.89   9.62   4.07   5.52   4.68   4.26   6.06   2.86
200805   2.17   2.74   2.50   3.40   0.32   2.53   0.54   3.01   1.02   1.11
200806  -6.48  -5.05  -6.70  -7.60  -5.66  -5.70  -6.65  -5.98  -6.63  -6.69
200807  -3.00  -1.76  -3.91  -2.94  -2.65  -1.93  -1.95  -2.68  -3.49  -3.82
200808  -4.26  -3.98  -3.96  -6.56  -2.53  -3.67  -3.13  -2.27  -3.91  -5.91
200809 -10.34  -7.70 -13.75 -12.07  -9.48  -9.96  -8.78 -10.06 -11.66  -8.23
200810 -13.43 -10.80 -13.13 -16.61 -14.20 -12.53 -13.48  -8.82 -16.18 -16.15
200811   0.10   3.92   1.35  -3.36   2.40   0.26   1.21  -2.26   2.05   1.75
200812   8.51  10.59   8.35   8.23   8.65   7.87   9.00   8.22   6.58  11.71
200901  -6.42  -4.12  -9.48  -3.58  -8.23  -4.05  -8.84  -3.90  -8.87  -4.11
200902 -12.02 -11.08 -13.68  -8.61 -14.71  -8.71 -14.49  -9.75 -13.42 -15.94
200903   1.41   7.40  -2.10   3.35  -0.89   3.26   1.60   3.54  -0.31   4.98
200904   8.00  14.51   2.26  14.02   2.28  15.37   2.35  13.70   3.52  13.56
200905  10.91  13.01  10.51  11.96   8.12  10.76  10.09  11.28  10.88  14.00
200906   2.92   5.09   3.03   1.48   4.03   1.61   3.18   1.85   4.21   9.25
200907   4.05   4.34   1.95   6.39   1.93   6.66   1.84   6.35   1.90  -2.21
200908   3.40   3.13   4.03   2.65   3.46   2.66   3.63   2.79   3.86   2.79
200909  -0.69  -2.50   2.25  -2.36   0.68  -1.87   0.69  -2.54  -0.07  -5.44
200910  -2.38  -1.07  -4.13  -0.20  -4.32  -0.18  -3.42  -0.38  -3.02  -3.93
200911  -1.98  -5.14   1.09  -4.05   0.25  -4.10  -0.08  -3.67   0.18 -11.14
200912   0.27   4.53  -2.79   3.75  -3.99   4.62  -2.83   4.58  -3.56  -0.05
201001   2.39   4.67   0.82   2.99   1.48   2.64   2.44   4.71   1.66   1.72
201002   0.71   2.35   0.37   1.74   0.72   2.27   0.83   1.92  -0.35  -0.67
201003   4.78   5.49   4.48   5.22   4.67   3.97   3.68   3.72   5.10   7.66
201004   0.62   2.88  -0.25   0.11   0.79  -0.36   1.75   0.80  -0.84   6.78
201005  -7.93  -8.09  -8.04  -7.03  -8.85  -5.93  -7.93  -6.70  -8.97 -11.01
201006  -0.72  -0.23  -0.70  -1.13  -1.25   0.11   0.64   0.48  -1.39  -3.81
201007   2.96   1.77   3.29   2.33   3.62   2.79   2.56   2.68   3.84   4.49
201008  -2.45  -2.31  -3.50  -1.10  -3.22  -0.54  -3.69  -0.34  -3.95  -4.11
201009   4.65   4.07   5.67   4.23   6.18   3.53   4.47   2.04   6.60   7.77
201010   1.29   0.64   1.04   1.53   1.71   1.20   1.21   1.20   2.21   1.02
201011   1.91   1.97   2.61   0.76   1.22   1.13   1.90   0.84   1.66   5.60
201012   7.56   9.12   7.57   8.09   7.09   6.39   8.29   8.24   6.74   7.73
201101   0.40   0.07  -0.11   0.08   0.24   1.26  -0.77  -0.98   0.95   0.90
201102   4.79   5.12   4.44   5.69   4.34   4.10   3.51   4.81   4.35   6.60
201103  -8.71  -8.33  -7.66  -7.29  -7.97 -10.53  -6.59 -10.05  -7.45  -8.98
201104   0.83  -0.30   2.31  -0.14   0.57   0.62   1.57  -0.19   1.75   1.67
201105  -1.61  -2.76  -1.40  -2.44  -0.99  -2.26  -1.57  -1.91  -1.18  -2.29
201106   2.47   4.00   2.10   2.18   2.43   3.51   2.00   2.36   3.17   2.87
201107   4.00   3.72   4.44   3.77   3.39   3.96   3.68   3.15   3.89   3.73
201108  -7.44  -5.82  -6.93  -5.11  -9.21  -7.22  -6.71  -3.52 -10.40  -9.53
201109  -0.52   2.46  -1.68   0.33  -1.97   0.24  -2.60   1.46  -2.72  -5.05
201110  -1.22  -2.91   0.66  -2.60   0.38  -1.97   0.40  -3.24   1.99  -0.63
201111  -3.76  -3.05  -3.80  -3.33  -4.53  -3.17  -4.37  -3.48  -4.31  -3.66
201112   1.23   2.62   0.15   2.64   0.56   2.12  -0.59   2.74  -0.95   0.93
201201   4.31   5.28   2.16   5.45   4.27   4.98   3.44   3.83   2.73   8.82
201202   3.50   4.85   2.04   4.24   1.96   3.94   3.38   3.34   2.08   0.14
201203   1.45   0.11   1.85   0.63   2.19   0.62   2.08   0.48   1.52   2.76
201204  -1.71  -4.17   0.12  -1.51  -1.07  -2.60  -1.41  -1.78  -0.48  -1.39
201205  -8.36 -10.16  -7.11  -9.06  -7.55  -9.17  -7.64  -8.07  -7.58 -14.87
201206   4.73   6.47   4.82   4.65   5.37   4.28   5.67   5.09   5.04   9.42
201207  -1.78  -4.63   0.04  -1.68  -0.64  -4.12   0.31  -2.15  -0.08  -4.68
201208  -0.60  -2.51   0.44  -1.96   0.10  -1.95   0.34  -1.06   1.05  -3.56
201209   2.32   3.88   1.34   1.99   2.93   2.08   3.78   3.70   1.67   1.81
201210  -1.87  -2.24  -2.49  -1.79  -2.58  -1.55  -2.66  -2.32  -2.82   1.93
201211   1.66   1.68   0.94   3.03   0.94   3.15  -0.31   1.12   0.36   0.36
201212   3.78   8.11   1.45   4.26   3.68   4.70   1.66   3.59   2.32  11.35
201301   3.81   3.51   3.75   4.39   3.42   3.94   3.19   4.83   2.02   8.76
201302   2.94   2.44   2.82   2.20   3.64   2.74   2.74   2.53   3.72   3.82
201303   5.74   5.36   7.72   4.99   6.08   4.52   8.16   4.88   6.54   8.13
201304   8.77   8.11   9.53   8.15   9.48   7.88   9.56   6.78  10.58  22.03
201305  -5.45  -6.14  -6.04  -5.96  -6.40  -4.98  -7.52  -6.85  -4.53   4.72
201306   0.86   1.01   0.55   0.97   0.60   1.61   0.67   1.80   1.24  -9.65
201307   1.30   1.76   1.25   2.61  -0.06   2.27   0.32   0.59   2.57   1.73
201308  -2.49  -1.93  -2.58  -2.65  -1.53  -2.49  -2.40  -2.29  -2.12  -6.72
201309   8.82   9.52   9.95   8.20   8.95   8.69  10.49   7.57  10.13  16.83
201310  -0.27  -1.04  -0.99  -0.10  -0.31  -0.22  -1.17  -0.22  -0.52  -2.64
201311   1.02   0.55   1.35   1.18   0.87   1.35   1.44   0.85   1.57  -1.39
201312   0.81   1.56   0.91   1.25   0.65   1.25   1.65   0.63   1.54   1.04
201401  -2.58  -1.79  -3.09  -1.60  -4.14  -2.46  -2.72  -1.65  -4.63  -1.65
201402  -0.52  -0.48  -0.07  -0.94  -0.38  -0.48  -1.18   0.03  -1.28  -1.78
201403  -1.21  -0.26  -1.75  -0.96  -2.00  -1.43  -1.80  -0.79  -1.46  -4.37
201404  -2.25  -1.32  -3.55  -0.65  -3.43  -1.22  -3.88  -1.37  -3.30  -4.28
201405   3.83   3.27   4.17   3.19   3.62   3.45   5.22   4.03   4.33   5.35
201406   5.71   6.16   5.37   6.43   5.53   5.78   5.76   5.45   5.68   9.73
201407   0.73   0.34   1.09   0.77   1.22   1.09   1.10   0.44   1.20   0.78
201408  -1.92  -1.24  -2.08  -1.40  -1.91  -1.99  -1.98  -1.56  -2.27  -2.11
201409  -1.07  -2.00  -0.36  -1.63  -1.15  -1.55  -1.32  -1.48  -0.90  -2.71
201410  -2.03  -3.25  -0.75  -2.62  -1.73  -3.09  -1.03  -2.18  -1.25  -5.38
201411  -0.03  -0.52  -0.64  -1.90  -0.17  -0.54  -0.33  -0.69   0.05   1.41
201412  -0.77  -0.17  -1.71  -1.07  -0.99  -1.05  -0.58  -0.71  -1.10  -2.25
201501   2.77   1.13   3.67   0.76   4.55   2.36   3.24   2.77   2.80   1.37
201502   5.32   8.54   4.95   6.76   4.78   6.00   5.40   6.41   5.13   4.04
201503   1.80  -0.06   3.36   0.28   3.79   0.15   4.26   1.27   2.01  -0.44
201504   3.49   6.86   1.07   5.47   0.60   5.30   0.04   5.20   2.22   3.97
201505   0.76   2.44  -0.55   1.78  -1.23   1.35  -0.47   0.86   0.44   0.86
201506  -0.70  -1.05   0.19  -1.69   0.67  -1.46   1.11  -0.88   0.06  -0.93
201507   0.84   0.16   0.72  -0.40   1.08   0.48   0.78   1.47   0.76   4.48
201508  -5.27  -5.25  -5.08  -6.35  -5.26  -5.69  -5.10  -5.09  -5.05  -6.86
201509  -6.06  -5.75  -7.51  -5.46  -5.83  -6.60  -5.98  -6.07  -6.80  -5.52
201510   9.17   8.95   9.79   9.61   8.62  10.56   8.43   8.85   9.11   8.10
201511  -0.16  -1.40   1.37  -1.13   0.69  -1.53   1.38  -0.85   0.51  -3.56
201512   0.47   0.64   0.05  -0.10   0.12   0.55  -0.02   1.81  -1.02  -0.75
201601  -7.68 -10.76  -6.70  -9.22  -5.41  -8.87  -7.18  -7.33  -7.42 -12.57
201602  -1.73  -5.45   1.72  -5.94   1.62  -5.08   1.95  -2.30   0.96  -3.32
201603   5.18   6.03   5.18   5.27   5.43   5.13   5.89   4.88   5.10   8.63
201604   5.17   5.29   5.68   4.75   5.15   5.01   5.35   4.83   5.57   5.45
201605  -1.26  -1.94  -1.30  -0.98  -0.46  -1.21  -1.49  -1.56  -0.44  -3.77
201606  -2.41  -6.12   0.26  -6.13   0.59  -5.37   0.37  -3.30  -0.34  -5.04
201607   6.66   9.34   3.65  10.24   3.97   8.88   4.39   7.60   4.96   4.56
201608  -1.21   2.36  -4.49   3.85  -5.64   3.69  -5.19   1.34  -3.81  -0.57
201609   2.70   0.89   4.43   0.12   5.53   0.53   5.10   1.34   4.20   1.92
201610   1.48   3.81  -0.16   3.42  -0.34   3.11  -0.58   1.90   0.52   0.50
201611  -3.94   0.18  -7.00  -0.57  -6.75  -1.35  -6.97  -2.32  -6.28  -2.31
201612   1.37   2.14   0.86   2.75  -0.07   2.47   0.09   1.55   0.61   0.47
201701   3.85   3.96   3.66   3.10   3.65   3.86   3.74   3.17   4.32   4.01
201702   1.19   2.20   0.67   1.05   1.40   0.80   1.18   0.78   0.52   1.85
201703   0.93  -0.97   2.25  -0.31   1.80  -0.13   2.10   0.03   1.49   7.25
201704   1.17   0.62   1.41   1.27   1.48   1.43   1.21   1.07   2.08  -2.35
201705   3.00  -0.23   6.64   1.25   6.21   1.47   5.69   1.32   6.29   3.71
201706   1.13   2.90   0.11   1.99  -0.20   1.84   0.14   0.87   0.63   2.65
201707   2.42   1.70   2.26   2.39   2.03   2.54   2.41   2.33   1.74   1.30
201708   0.35  -0.20   0.93   0.14   1.12   0.11   1.26   0.17   1.37  -0.38
201709   1.71   2.71   1.07   3.00   0.87   2.35   1.17   1.97   1.07  -1.10
201710   4.10   3.26   4.35   3.71   4.50   3.72   4.15   3.15   5.12   4.41
201711   2.69   1.83   3.55   1.56   4.47   1.79   4.68   2.41   4.21  -1.15
201712   1.34   3.51  -0.20   1.42   0.55   1.11   1.06   1.69   0.35   1.56
201801   4.61   3.49   5.57   3.41   6.39   3.30   6.71   4.04   5.43   6.95
201802  -1.30  -1.36  -0.22  -1.35   0.40  -1.93   0.08  -1.29  -0.34  -1.21
201803  -1.36  -2.07  -0.34  -1.99  -0.13  -2.24   0.18  -1.51  -0.73  -4.15
201804   0.40   2.32  -1.91   2.10  -1.48   2.43  -1.85   1.20  -0.24  -4.66
201805  -1.11  -3.41   1.31  -2.86   1.21  -2.76   1.30  -2.76   1.38  -0.45
201806  -2.35  -3.38  -2.37  -2.35  -2.31  -2.20  -3.24  -2.14  -1.92  -2.20
201807   0.03   1.16  -0.96   1.76  -1.81   1.58  -1.27   1.44  -1.11  -1.61
201808  -0.27  -0.66   1.65  -1.16   1.36  -0.63   0.79  -1.37   1.35   0.03
201809   2.89   3.59   2.33   3.54   3.02   3.72   2.14   2.98   2.98  -1.66
201810  -8.48  -6.12 -11.47  -7.38 -10.46  -7.87 -10.37  -5.93 -11.58 -11.23
201811   1.05  -0.81   2.90  -0.95   3.15  -0.77   3.94  -1.00   3.62   5.32
201812  -6.93  -6.49  -8.53  -6.18  -7.95  -6.12  -8.36  -5.44  -8.44  -9.18
201901   5.35   6.64   3.47   7.33   2.54   7.25   2.51   6.98   2.57   5.11
201902   0.44  -1.44   2.74  -1.05   2.77  -0.73   3.09  -1.79   3.85   2.53
201903   0.35  -0.69   1.57  -1.11   2.53  -1.16   2.71  -0.97   2.33  -3.05
201904   1.39   1.00   2.47   2.46   1.64   2.44   1.69   1.69   1.27   1.72
201905  -3.31  -5.06  -1.75  -5.61  -1.44  -5.66  -2.09  -3.79  -2.12   1.12
201906   2.63   3.26   2.40   3.58   1.67   3.68   1.94   3.15   1.66  -0.19
201907   0.66  -1.33   1.79   0.17   1.40   0.21   1.42   0.17   0.97   4.05
201908  -0.95  -3.14   0.40  -2.74   0.67  -2.57   1.14  -1.36  -0.84  -0.28
201909   3.97   5.92   2.99   4.84   2.91   4.39   2.59   5.28   2.53   0.77
201910   4.95   5.32   5.12   5.64   4.62   5.36   4.40   5.54   4.13   1.96
201911   0.67   0.54   1.44   0.17   1.71   0.03   1.11   0.22   1.48   1.17
201912   2.12   2.31   2.03   2.75   1.80   2.49   1.79   1.86   2.16   0.13
