% VW returns of portfolios sorted on historical liquidity betas, Jan 1968 -- Dec 2018
% 1	2	3	4	5	6	7	8	9	10	10-1
 -0.02517782	 -0.05321030	 -0.04135777	 -0.00922312	 -0.03636039	 -0.02198194	 -0.03452610	 -0.02465405	 -0.08959746	 -0.04603957	 -0.02086175
 -0.07720045	 -0.04170408	 -0.02553661	 -0.03169706	 -0.02729224	 -0.01729862	 -0.03342546	 -0.03615418	 -0.02669563	 -0.05522334	  0.02197712
 -0.01520558	 -0.00161773	  0.02522650	 -0.00149773	  0.00387447	  0.00118934	  0.00041619	  0.00735091	  0.00357001	 -0.00462766	  0.01057792
  0.12983060	  0.11409873	  0.09923079	  0.05639072	  0.07134646	  0.08169136	  0.08618665	  0.09716371	  0.13410865	  0.13898407	  0.00915347
  0.05587993	  0.03684221	  0.03772285	  0.01345920	  0.02432077	  0.00594648	  0.01563280	  0.02767625	  0.02296397	  0.03813169	 -0.01774824
 -0.00616661	  0.01533552	  0.00459666	  0.02293429	  0.00916466	  0.03193199	  0.02449565	  0.00144279	 -0.00235450	 -0.00573926	  0.00042735
 -0.01862943	 -0.04442061	 -0.02408665	 -0.01169980	 -0.00947803	  0.00758636	 -0.02958741	 -0.02741988	 -0.04098581	 -0.05483826	 -0.03620883
  0.00966277	  0.01292874	  0.00307412	  0.01844571	  0.01343789	  0.01792993	  0.01810830	  0.03308083	  0.02757399	  0.01567856	  0.00601579
  0.07617484	  0.04343687	  0.02658862	  0.03088964	  0.04499592	  0.02657906	  0.05399585	  0.04626591	  0.05137679	  0.08571405	  0.00953921
  0.01604814	 -0.00452259	 -0.03065228	  0.02949159	  0.01192213	  0.01166131	  0.03164876	  0.01481937	  0.00104388	  0.01515997	 -0.00088817
  0.08992786	  0.06347163	  0.07020999	  0.05759383	  0.04850880	  0.07104910	  0.02097115	  0.05055306	  0.05648487	  0.08111135	 -0.00881651
 -0.03916170	 -0.00396292	 -0.03518103	 -0.04083871	 -0.04181491	 -0.03316761	 -0.03039106	 -0.03650199	 -0.04985539	 -0.02731688	  0.01184482
 -0.03656413	  0.00265546	 -0.02874297	 -0.00112291	  0.00674266	 -0.00255447	 -0.01173272	 -0.00603846	 -0.02391747	 -0.01211634	  0.02444780
 -0.12890957	 -0.08636403	 -0.04583868	 -0.05819942	 -0.04999379	 -0.03034529	 -0.04088275	 -0.04297804	 -0.06199550	 -0.06990538	  0.05900419
  0.02568083	  0.04475864	  0.04592898	  0.04014091	  0.02803944	  0.04637360	  0.02662118	  0.01358267	  0.01396487	  0.00863564	 -0.01704519
 -0.00540730	  0.01654054	  0.03168678	  0.01071711	  0.04142017	  0.00152625	  0.01724950	  0.03247501	  0.00436530	  0.01352097	  0.01892827
 -0.01456407	  0.02067357	 -0.00077303	  0.02191467	 -0.00314916	  0.01014436	  0.00445205	 -0.00638963	  0.00007902	 -0.00089462	  0.01366945
 -0.13960053	 -0.09433790	 -0.02189828	 -0.07688464	 -0.05944023	 -0.07157480	 -0.05662509	 -0.05237864	 -0.08768367	 -0.08029153	  0.05930900
 -0.13036355	 -0.09043191	 -0.05530358	 -0.07155064	 -0.04602617	 -0.07560189	 -0.04864575	 -0.06304054	 -0.06655701	 -0.09465670	  0.03570685
  0.07333046	  0.06707329	  0.06830859	  0.06012698	  0.03870667	  0.03796165	  0.02725514	  0.05076310	  0.04747584	  0.06810220	 -0.00522826
 -0.03098678	 -0.05024350	 -0.01150089	 -0.02174913	 -0.04170937	 -0.04523838	 -0.00623895	 -0.01579955	 -0.02629103	 -0.01223418	  0.01875260
  0.11482110	  0.04773137	  0.05517113	  0.04542259	  0.04353338	  0.04080524	  0.04463252	  0.07236519	  0.06673438	  0.05605524	 -0.05876586
 -0.06657504	 -0.02227774	 -0.02784844	 -0.03191321	 -0.02112254	 -0.04887810	 -0.03164250	 -0.04249656	 -0.03050585	 -0.03488373	  0.03169131
 -0.07918621	 -0.02147920	  0.00262813	 -0.01730914	 -0.02166474	 -0.01403879	 -0.02465441	 -0.01472403	 -0.04630739	 -0.04244050	  0.03674571
 -0.10220467	 -0.09281523	 -0.09322054	 -0.07231217	 -0.07787193	 -0.04213208	 -0.08810269	 -0.08206142	 -0.06794093	 -0.07863658	  0.02356810
  0.09835846	  0.04180585	  0.05482248	  0.04935830	  0.06684333	  0.07374711	  0.06484511	  0.07349569	  0.02607781	  0.03967153	 -0.05868693
 -0.02571795	 -0.00438157	 -0.00968438	 -0.00672160	 -0.01652564	  0.00791232	  0.01833967	  0.01792945	 -0.00322933	 -0.02334514	  0.00237280
 -0.19020782	 -0.12892826	 -0.09809540	 -0.10375153	 -0.08145168	 -0.09089718	 -0.10791267	 -0.07870099	 -0.08522520	 -0.14950326	  0.04070456
 -0.02464239	 -0.04661985	 -0.06057734	 -0.05973284	 -0.07748517	 -0.05072264	 -0.03712183	 -0.05539532	 -0.08989325	 -0.10029121	 -0.07564881
 -0.05961241	 -0.03898598	 -0.06245904	 -0.06899465	 -0.03591067	 -0.06106830	 -0.03807439	 -0.03770482	 -0.03905023	 -0.09388931	 -0.03427691
  0.07530593	  0.09513191	  0.08474020	  0.03746720	  0.08110286	  0.09274533	  0.08841134	  0.07257007	  0.07840162	  0.07507295	 -0.00023298
  0.08463917	  0.03148107	  0.03368331	  0.05873509	  0.04508585	  0.03526215	  0.06228320	  0.06440834	  0.05361570	  0.08466280	  0.00002363
  0.10747318	  0.06227817	  0.03623538	  0.06825231	  0.03835189	  0.01024226	  0.04124490	  0.00629795	  0.05460326	  0.09025202	 -0.01722116
 -0.03999714	 -0.01270798	 -0.00304212	 -0.00349219	 -0.00725371	 -0.02133593	 -0.00651169	 -0.02062128	 -0.01693303	 -0.05507506	 -0.01507792
  0.03853753	  0.06720842	  0.04746053	  0.04830167	  0.06046366	  0.06054544	  0.05050274	  0.06700635	  0.03557582	  0.03335397	 -0.00518356
  0.01857845	  0.05150909	  0.06618484	  0.05150623	  0.06079718	  0.07188058	  0.05118751	  0.06805432	  0.05874464	  0.06920128	  0.05062283
  0.12383431	  0.06785544	  0.04402860	  0.01927271	  0.02644364	  0.05661105	  0.05113724	  0.07736003	  0.07291574	  0.07234760	 -0.05148672
  0.02719898	  0.01373083	  0.02081176	  0.01427901	  0.02743211	 -0.00905316	  0.01359777	  0.01699772	  0.02241247	  0.00619818	 -0.02100080
  0.03081297	  0.06155958	  0.04877055	  0.03151253	  0.04369433	  0.01856663	  0.03787228	  0.04856829	  0.05327992	  0.04803456	  0.01722159
  0.04030960	  0.04454886	  0.04153999	  0.01558713	  0.01819360	  0.02807342	  0.06606406	  0.05335658	  0.03957432	  0.06761918	  0.02730959
 -0.05203823	 -0.03348788	 -0.03453622	 -0.02821122	 -0.03848302	 -0.05594863	 -0.03410308	 -0.03459381	 -0.01531722	 -0.04632287	  0.00571536
  0.01169205	  0.01658583	  0.00002807	  0.03323260	 -0.01263420	  0.00988989	 -0.00724770	  0.00240833	  0.02103597	 -0.02573800	 -0.03743005
 -0.06252500	 -0.02269932	 -0.03943268	 -0.05077580	 -0.03372871	 -0.02883464	 -0.05375533	 -0.04187121	 -0.04174343	 -0.06293567	 -0.00041068
  0.04717170	  0.05364615	  0.04983800	  0.02888194	  0.03538186	  0.01010145	  0.06333672	  0.03908747	  0.05192265	  0.07115275	  0.02398105
 -0.00264272	 -0.00189322	 -0.01068307	 -0.01324602	  0.00486284	 -0.01011631	 -0.00874289	 -0.00897326	 -0.00475321	  0.00288883	  0.00553154
 -0.08680938	 -0.04984236	 -0.02878365	 -0.04093815	 -0.02941369	 -0.02059195	 -0.05231762	 -0.06298676	 -0.04606983	 -0.04930479	  0.03750459
 -0.00716865	 -0.01164334	  0.00790873	 -0.00527644	  0.00910925	 -0.00283239	  0.00217494	 -0.01071223	 -0.00272950	  0.00034213	  0.00751077
  0.10917978	  0.09309033	  0.08918655	  0.07790121	  0.08740816	  0.08581039	  0.06731627	  0.10812302	  0.10858910	  0.11117678	  0.00199699
  0.07859443	  0.03096385	  0.02572222	  0.03862691	  0.03044937	  0.01303206	  0.00844214	  0.02126910	  0.00397067	  0.04485115	 -0.03374327
  0.02362820	  0.02639212	  0.04004306	  0.03520490	  0.04204849	  0.03650091	 -0.00394492	  0.03566656	  0.05192142	  0.03356804	  0.00993984
 -0.02885650	  0.01633656	 -0.01400021	  0.02157683	 -0.01217369	 -0.00120243	  0.02909112	  0.00025502	 -0.00566918	  0.00423465	  0.03309115
 -0.00534149	  0.01816348	  0.01654229	  0.01547275	  0.01169761	 -0.00030628	 -0.01232620	 -0.00384707	  0.00328066	  0.00974369	  0.01508518
  0.00671620	  0.00821795	  0.01461960	  0.02226676	  0.02503526	  0.03077281	  0.00463191	  0.01435319	  0.01935913	  0.00523494	 -0.00148126
 -0.03847897	 -0.02947527	 -0.01453667	 -0.00207546	 -0.03387288	 -0.02709004	 -0.02200901	 -0.03235772	 -0.02018919	 -0.02475259	  0.01372639
 -0.02795062	 -0.01109592	  0.00457884	  0.01277247	 -0.01026293	 -0.00314567	 -0.00227046	 -0.00539821	 -0.02049248	 -0.01172091	  0.01622972
  0.04729220	  0.03284414	  0.04437535	  0.01901622	  0.05140666	  0.04322819	  0.04935201	  0.03958490	  0.04020359	  0.01624238	 -0.03104982
 -0.02505218	 -0.01130834	 -0.01160224	  0.00083735	 -0.02856883	  0.00264481	  0.01380584	 -0.00941802	 -0.01735157	 -0.03994192	 -0.01488973
  0.00295882	  0.01174154	  0.00766091	 -0.00479521	  0.03070736	  0.02673121	 -0.00060078	  0.01835441	  0.01741022	 -0.01249479	 -0.01545361
  0.08345256	  0.07382860	  0.04828869	  0.03337085	  0.05404434	  0.04793976	  0.06186273	  0.04452384	  0.04646243	  0.07569051	 -0.00776205
 -0.00543497	  0.00719595	  0.00129646	  0.02555845	  0.00753741	  0.00537316	  0.01196976	 -0.00314065	  0.03017964	  0.00338614	  0.00882111
 -0.05622832	 -0.05498708	 -0.01458632	  0.01162605	 -0.04490696	 -0.00447158	 -0.03613490	 -0.03248460	 -0.04484908	 -0.07103930	 -0.01481098
 -0.06246359	 -0.04941327	 -0.03053595	 -0.02709428	 -0.04187933	 -0.05784906	 -0.02802203	 -0.04866178	 -0.05476237	 -0.07332900	 -0.01086541
  0.00294062	 -0.01454670	  0.00225150	  0.00651589	 -0.00202326	  0.00139778	 -0.02384200	 -0.00430161	 -0.01796998	 -0.00977826	 -0.01271889
 -0.05793817	 -0.04952377	 -0.04772087	 -0.04422887	 -0.03001389	 -0.02409623	 -0.05671837	 -0.01992673	 -0.05621824	 -0.03485196	  0.02308621
 -0.02200736	 -0.04213691	 -0.00689017	 -0.02191662	 -0.01269167	 -0.04791417	  0.00129995	 -0.00603788	 -0.03412857	 -0.02464003	 -0.00263267
  0.00353317	 -0.02132219	 -0.02464640	  0.01323168	 -0.00681273	 -0.00627171	 -0.00887311	 -0.01229969	 -0.04244747	 -0.02878332	 -0.03231649
  0.10354164	  0.09225428	  0.04879227	  0.02011022	  0.04884715	  0.02160767	  0.05105025	  0.03035642	  0.10264739	  0.10599195	  0.00245030
 -0.01772702	 -0.01497209	 -0.03506004	 -0.04014933	 -0.03212299	 -0.02625995	 -0.03027984	 -0.03163500	 -0.02239415	 -0.00178098	  0.01594605
  0.09050607	  0.09087471	  0.05657543	 -0.01341602	  0.08320682	  0.06771107	  0.03665713	  0.08683315	  0.10281966	  0.10753236	  0.01702629
  0.06050163	 -0.01825806	  0.00519220	  0.02543020	 -0.00422356	 -0.00321936	 -0.01900384	 -0.02619972	 -0.01418142	  0.01741607	 -0.04308556
 -0.10587330	 -0.16724574	 -0.12300068	 -0.09279834	 -0.12000962	 -0.11266584	 -0.12501042	 -0.09698311	 -0.15455876	 -0.13237500	 -0.02650170
  0.04140842	  0.02535047	  0.02069992	  0.00269207	  0.05420513	  0.03820729	 -0.01337907	  0.02580439	  0.00619091	  0.02456628	 -0.01684214
 -0.04908079	 -0.03764710	 -0.02296030	  0.00581845	 -0.00728845	 -0.00928402	  0.01910353	  0.06678891	  0.02736753	  0.05593653	  0.10501732
 -0.00347930	  0.01463615	 -0.00843603	  0.01022561	 -0.01174415	  0.00382883	  0.00015817	 -0.00355157	  0.02932918	  0.03550273	  0.03898203
 -0.05417971	 -0.03104430	 -0.01057839	 -0.03292517	 -0.01233495	 -0.02113314	 -0.02547376	 -0.02752683	 -0.04118090	 -0.00824698	  0.04593273
 -0.06752848	 -0.05620367	 -0.03053465	 -0.03724519	 -0.04162059	 -0.04444298	 -0.04427459	 -0.05646924	 -0.01591677	 -0.04387350	  0.02365498
 -0.08883678	 -0.05897782	 -0.04325544	 -0.03146789	 -0.02238708	 -0.02470354	 -0.01309582	 -0.01431077	 -0.04624504	 -0.02874955	  0.06008724
 -0.02311830	 -0.03869368	 -0.01733712	 -0.01805964	 -0.00954109	  0.00102557	 -0.02505288	 -0.02244279	 -0.02425119	 -0.03389484	 -0.01077655
 -0.05396894	 -0.05839205	 -0.04037998	 -0.06162742	 -0.07596007	 -0.09300310	 -0.08805945	 -0.09960469	 -0.08058611	 -0.05870052	 -0.00473158
 -0.06814277	 -0.08117559	 -0.08674830	 -0.10018953	 -0.08335233	 -0.07532482	 -0.09202590	 -0.06919300	 -0.08599435	 -0.09683896	 -0.02869620
 -0.13033406	 -0.10906509	 -0.11213448	 -0.08307343	 -0.13405999	 -0.09129970	 -0.11121615	 -0.12055156	 -0.13684314	 -0.10597241	  0.02436165
  0.22073962	  0.26108563	  0.17130314	  0.16287196	  0.17683744	  0.14906302	  0.14364382	  0.09597970	  0.14072972	  0.14188049	 -0.07885913
 -0.03879738	 -0.01473312	 -0.02038672	 -0.02156675	 -0.06249223	 -0.05119554	 -0.05282760	 -0.03616659	 -0.03722503	 -0.05819527	 -0.01939789
 -0.04681737	 -0.01330263	 -0.00359216	 -0.01841722	 -0.05414478	 -0.00935423	 -0.03222285	 -0.01188724	 -0.00809789	 -0.02636775	  0.02044962
  0.05478108	  0.11195994	  0.09239759	  0.10717727	  0.18917704	  0.16945636	  0.18286133	  0.13747544	  0.17794822	  0.16362107	  0.10883999
  0.04751409	  0.04621656	  0.07858372	  0.07825780	  0.04658254	  0.03874202	  0.03627040	  0.08003395	  0.04821960	  0.08425668	  0.03674259
  0.03454779	  0.01876674	  0.03173146	 -0.00041770	  0.02758667	  0.03777041	  0.06043592	  0.02602540	  0.05154145	  0.09453816	  0.05999037
  0.07613867	  0.07773066	  0.01949722	  0.03218023	  0.04561528	  0.05118361	  0.01516550	  0.07549667	  0.07610019	  0.07824338	  0.00210471
  0.09348640	  0.05656315	  0.06696394	  0.04203127	  0.05871039	  0.06061914	  0.05640180	  0.04940015	  0.03258759	  0.06113762	 -0.03234878
  0.06929414	  0.06838418	  0.03463881	  0.03369267	  0.05430660	  0.06281723	  0.07146066	  0.04885604	  0.06295273	  0.05124233	 -0.01805181
 -0.06342424	 -0.06820677	 -0.06252036	 -0.07746075	 -0.07232793	 -0.06239380	 -0.06340018	 -0.03962931	 -0.03965867	 -0.07326085	 -0.00983661
 -0.03260788	 -0.01834927	 -0.02410960	 -0.02174569	 -0.01123138	 -0.01793084	  0.00513999	 -0.02796400	  0.00654633	 -0.04103614	 -0.00842826
 -0.01845715	 -0.01415113	 -0.04496581	 -0.02283744	 -0.04815966	 -0.04259836	 -0.03799242	 -0.03446843	 -0.03667114	 -0.03769543	 -0.01923828
 -0.00194350	  0.02904526	  0.06806422	  0.06462243	  0.07829421	  0.07992544	  0.06097338	  0.07867408	  0.05933094	  0.08931373	  0.09125723
 -0.00198703	  0.00948990	  0.03671304	  0.04274269	  0.02407016	  0.02356347	  0.03302227	  0.04979814	  0.00994881	  0.03410838	  0.03609542
  0.00111366	  0.00692001	 -0.02003800	 -0.01631511	 -0.00678377	 -0.00601500	 -0.01986080	 -0.01780288	  0.00392086	 -0.00212089	 -0.00323456
  0.14492900	  0.08306612	  0.12100021	  0.13227979	  0.10387424	  0.12847767	  0.11092211	  0.13322027	  0.16016931	  0.16247952	  0.01755052
  0.04451266	 -0.00256364	 -0.02006621	 -0.01896612	  0.02203005	 -0.00648895	 -0.01339796	  0.00678400	  0.02552241	  0.00189853	 -0.04261414
  0.01556596	  0.02496479	  0.02783657	  0.03782883	  0.02444456	  0.04252945	  0.04091426	  0.02671474	  0.02752464	 -0.00098960	 -0.01655556
  0.00977970	 -0.02098824	 -0.01164887	 -0.01227324	 -0.00260941	 -0.00307805	 -0.02563943	 -0.00478834	 -0.00498822	 -0.00969516	 -0.01947486
  0.03128688	  0.01987972	  0.00329492	 -0.01066662	 -0.02691207	 -0.01792163	 -0.00506110	 -0.01053549	 -0.02157632	 -0.01040787	 -0.04169475
  0.03729594	  0.06227837	  0.06209160	  0.05473160	  0.03801398	  0.03621186	  0.03545274	  0.04354859	  0.05668904	  0.03107490	 -0.00622104
  0.00588658	  0.00528039	 -0.00421588	 -0.00576452	 -0.00272355	 -0.01119749	 -0.01482829	 -0.01213573	 -0.01790162	 -0.02164886	 -0.02753544
 -0.02750748	  0.00896629	 -0.00417682	  0.00800623	  0.03599324	 -0.00759863	 -0.00618565	 -0.00402213	 -0.03170143	 -0.00966805	  0.01783943
  0.03240694	  0.02653521	  0.02188602	  0.03004455	  0.01626504	  0.02660379	  0.02241344	  0.03744616	  0.02453170	  0.01707371	 -0.01533322
 -0.02313466	 -0.03602491	 -0.02493516	 -0.02490504	  0.00544255	 -0.02176542	 -0.02194324	 -0.02194171	 -0.03396698	 -0.01874414	  0.00439052
  0.03531577	  0.01136742	  0.01742775	 -0.00446618	  0.01799377	 -0.02328887	 -0.00248176	  0.01067917	  0.01458602	  0.01190201	 -0.02341377
  0.07855281	  0.05135909	  0.04160630	  0.04835947	  0.03764765	  0.07476610	  0.05984479	  0.06396950	  0.07424531	  0.06597562	 -0.01257718
 -0.00737163	 -0.01938521	 -0.03951550	 -0.03026882	 -0.03629979	 -0.03164555	 -0.06381571	 -0.07231390	 -0.03218564	 -0.03848733	 -0.03111569
 -0.01521599	 -0.02300975	 -0.02568232	 -0.00456121	 -0.00520499	 -0.01479947	 -0.02675879	 -0.02226009	 -0.01661966	 -0.02584732	 -0.01063134
 -0.00474013	 -0.00677987	 -0.00349781	 -0.00135725	 -0.00885896	 -0.01433544	 -0.01273186	 -0.02811610	 -0.02249462	  0.00632627	  0.01106640
  0.03557696	  0.01698438	  0.01228731	 -0.01602671	  0.00775885	  0.00803568	  0.00277450	 -0.00924044	  0.00445753	  0.00600449	 -0.02957247
 -0.02413811	 -0.00712110	 -0.00198528	 -0.02088625	  0.00029683	 -0.01748331	 -0.01270001	 -0.02363278	 -0.01663604	 -0.00649658	  0.01764153
  0.04987711	  0.05784079	  0.05293881	  0.05907535	  0.03484834	  0.05997243	  0.04348303	  0.05086245	  0.04133578	  0.07049712	  0.02062001
 -0.02540107	 -0.01881340	 -0.00644132	 -0.00463654	 -0.01143117	 -0.01510526	 -0.02108837	 -0.02932854	 -0.01554446	 -0.02435026	  0.00105081
 -0.03894145	 -0.03150588	 -0.00871511	 -0.01513325	 -0.01150861	 -0.01987420	 -0.01448445	  0.01679492	 -0.03082423	 -0.00771413	  0.03122732
  0.00336547	 -0.00202828	 -0.00859831	 -0.00760835	  0.01160371	 -0.00147200	 -0.00160431	  0.00293924	 -0.00095597	  0.01521496	  0.01184949
 -0.02090388	 -0.03399736	 -0.03395572	 -0.02608596	 -0.04059032	 -0.04532558	 -0.04615106	 -0.05426850	 -0.04156763	 -0.03226018	 -0.01135630
  0.06345745	  0.03769244	  0.04748758	  0.04373131	  0.02879899	  0.04488299	  0.04370000	  0.03436210	  0.04389985	  0.06757041	  0.00411296
  0.01723790	  0.01498379	 -0.00231695	  0.01208676	  0.00817235	 -0.00870268	  0.01112087	 -0.00042897	  0.01739735	  0.01190209	 -0.00533581
 -0.06751881	 -0.05516484	 -0.05267446	 -0.06426919	 -0.04912995	 -0.05367407	 -0.06100656	 -0.05376787	 -0.06290305	 -0.06175519	  0.00576362
  0.00869975	 -0.01429243	 -0.01022864	 -0.01424963	  0.00576367	 -0.02194253	 -0.01097570	 -0.02539335	 -0.00844080	  0.00705677	 -0.00164297
  0.04867330	  0.04561001	  0.02998081	  0.03321055	  0.02937562	  0.00090883	  0.04505424	  0.04747801	  0.03654565	  0.06435563	  0.01568233
  0.07007149	  0.09183005	  0.06368922	  0.08025565	  0.06956725	  0.10165985	  0.08997098	  0.09256380	  0.10778012	  0.10454995	  0.03447846
  0.03143261	  0.03285497	  0.01585693	  0.01851230	  0.00928273	  0.00753732	  0.02841859	  0.02817638	  0.03286931	  0.04389275	  0.01246015
 -0.01241997	 -0.00758819	 -0.01726003	 -0.01178286	 -0.01501539	 -0.00949745	 -0.00849154	 -0.02035030	 -0.01802932	 -0.00425490	  0.00816507
  0.06363005	  0.06392448	  0.05084628	  0.05099745	  0.03914018	  0.06268435	  0.07115816	  0.04188400	  0.07100903	  0.09102889	  0.02739885
  0.05060956	  0.04597869	  0.04020017	  0.03683994	  0.03862581	  0.04001723	  0.03034129	  0.04642990	  0.04483494	  0.04936242	 -0.00124714
 -0.00199351	 -0.00484973	  0.00369754	 -0.00621676	  0.00425998	 -0.02650240	 -0.01062335	 -0.00744684	 -0.01711378	 -0.02800353	 -0.02601002
 -0.19085419	 -0.13665791	 -0.10168732	 -0.09586886	 -0.08885961	 -0.08242578	 -0.10219404	 -0.12974909	 -0.12226102	 -0.14650757	  0.04434662
  0.07511955	  0.04522674	  0.02954198	  0.02896673	  0.03026847	  0.02952714	  0.03650394	  0.03137571	  0.02478338	  0.03987456	 -0.03524500
  0.00501193	  0.01826747	  0.00442691	  0.01407214	  0.01020360	  0.04203787	  0.01055368	  0.02264159	  0.01471617	  0.00941073	  0.00439879
  0.07286023	  0.06205426	  0.04665834	  0.04890210	  0.05785414	  0.03986319	  0.03336866	  0.04311847	  0.04622667	  0.06288817	 -0.00997206
 -0.02641736	 -0.02174008	 -0.02211345	 -0.02721039	 -0.03243539	 -0.02306139	 -0.03916057	 -0.02493927	 -0.03900824	 -0.05593384	 -0.02951648
  0.10063986	  0.06864099	  0.06426209	  0.05151603	  0.05767718	  0.05200820	  0.06146292	  0.07029343	  0.07120992	  0.09445460	 -0.00618526
  0.01107853	  0.01212298	  0.01878854	  0.00804842	  0.00141921	 -0.00771106	  0.00348712	  0.00296308	  0.02241087	  0.02863970	  0.01756117
 -0.00967018	 -0.00907722	 -0.01787451	 -0.00930122	 -0.00740527	 -0.00728961	 -0.02336463	 -0.02561069	 -0.01370479	 -0.03128660	 -0.02161642
  0.07980445	  0.06331216	  0.06382023	  0.04780302	  0.03822027	  0.02161451	  0.03950917	  0.05150562	  0.05402783	  0.06234607	 -0.01745838
  0.02343303	  0.01691253	  0.02138995	  0.01932000	  0.02096787	 -0.00490411	  0.01311692	  0.02847250	  0.03009611	  0.00652693	 -0.01690610
  0.06300421	  0.07554613	  0.05885551	  0.06266121	  0.05655976	  0.04610597	  0.07289326	  0.07330752	  0.07061975	  0.07854767	  0.01554346
  0.02326804	  0.00129084	  0.01447091	  0.00789995	  0.00241191	 -0.00956586	 -0.02149829	 -0.00190648	 -0.00185845	  0.01161704	 -0.01165099
 -0.08986709	 -0.08217244	 -0.05766397	 -0.06728665	 -0.07828432	 -0.05894551	 -0.06650053	 -0.08361650	 -0.07555285	 -0.09109275	 -0.00122565
  0.11574652	  0.08848054	  0.06538579	  0.05700057	  0.03615033	  0.05651275	  0.04965678	  0.05624379	  0.07376724	  0.04700522	 -0.06874130
  0.05450249	  0.02998172	  0.00046539	  0.02821142	  0.02975030	  0.00035132	  0.03937496	  0.04786443	  0.04176528	  0.03815707	 -0.01634542
  0.06597037	  0.07600344	  0.07286739	  0.07483206	  0.05058069	  0.06025377	  0.06497998	  0.03771862	  0.04873070	  0.06435356	 -0.00161681
 -0.00418657	  0.01167568	  0.05922076	 -0.00321178	 -0.03921975	 -0.00294483	 -0.01758383	 -0.03865994	 -0.02745998	  0.01290091	  0.01708748
 -0.15636082	 -0.13647462	 -0.12763442	 -0.11394519	 -0.10163134	 -0.09514818	 -0.12762463	 -0.09112759	 -0.09993762	 -0.12493170	  0.03142911
  0.05333735	  0.05330037	  0.08545239	  0.05820276	  0.04797843	  0.04153977	  0.04433182	  0.04641559	  0.04422536	  0.04300713	 -0.01033023
  0.07866907	  0.06663723	  0.05269728	  0.05648807	  0.06407950	  0.04440345	  0.07694130	  0.06780037	  0.06713400	  0.07186326	 -0.00680581
  0.03352059	  0.04952894	  0.01954779	  0.04265952	  0.03245313	  0.03361166	  0.03581647	  0.04206694	  0.03368897	  0.04439064	  0.01087005
  0.09591054	  0.07044781	  0.05792110	  0.06150414	  0.06768234	  0.05116114	  0.08084672	  0.08322682	  0.08625215	  0.08769415	 -0.00821639
  0.03910214	  0.02531877	 -0.00069324	  0.01613001	  0.01984534	  0.02498344	  0.03868767	  0.02383185	  0.00771228	  0.04981456	  0.01071242
  0.04772326	  0.00849978	  0.01537685	  0.01727569	  0.02825182	  0.02480226	  0.05731792	  0.02326531	  0.03811114	  0.06111936	  0.01339611
  0.01397815	  0.00481451	  0.02893689	  0.02261627	 -0.00408787	  0.03417076	 -0.00063002	  0.01391416	  0.00110247	  0.04166623	  0.02768808
  0.11286969	  0.11812119	  0.13584886	  0.09266973	  0.07486772	  0.11828036	  0.10775388	  0.07756556	  0.07017274	  0.13992150	  0.02705181
 -0.04931805	 -0.03595913	 -0.03492380	 -0.03292452	 -0.01467507	 -0.04585603	 -0.03489464	 -0.00969726	 -0.00876001	 -0.02120000	  0.02811805
 -0.06778415	 -0.06420969	 -0.07436900	 -0.05656035	 -0.03167920	 -0.00621958	 -0.02999820	 -0.01575624	 -0.03157599	 -0.02630313	  0.04148102
  0.01059497	  0.00248051	  0.01662604	  0.02429713	  0.01241226	  0.02098071	  0.02646754	  0.02859845	  0.02129137	  0.01113568	  0.00054072
  0.07429129	  0.05417377	  0.06188566	  0.04044137	  0.01056233	  0.03297429	  0.05481984	  0.05159555	  0.05520107	  0.09041396	  0.01612267
  0.00024350	 -0.01335886	 -0.04520497	 -0.01258973	 -0.01347552	 -0.00557763	  0.01007066	 -0.00983367	  0.01809554	 -0.01272370	 -0.01296720
  0.03611335	  0.00963462	  0.00124258	 -0.00055621	  0.00013986	  0.02014819	  0.00976319	  0.01391475	  0.03104393	  0.01268327	 -0.02343009
 -0.05627237	 -0.00641596	 -0.01047024	 -0.00976651	  0.00510539	  0.00796706	 -0.01922746	  0.00284463	 -0.01676932	  0.00171446	  0.05798683
  0.00502193	  0.02639343	 -0.00409777	  0.00796668	  0.00129492	  0.01588154	 -0.02480662	 -0.01577489	 -0.01843921	 -0.01321947	 -0.01824140
 -0.08571676	 -0.05130449	 -0.07018868	 -0.05831895	 -0.04541448	 -0.04542243	 -0.04554355	 -0.04976774	 -0.05567666	 -0.09056601	 -0.00484925
 -0.12435673	 -0.09961274	 -0.06607519	 -0.07277946	 -0.04155837	 -0.03907683	 -0.04646337	 -0.04204870	 -0.03849701	 -0.03064543	  0.09371130
  0.10739314	  0.09043127	  0.05821476	  0.04519932	  0.04323689	  0.04007649	  0.05669251	  0.08286000	  0.05836879	  0.08315343	 -0.02423971
  0.00000885	  0.02968182	  0.04041705	  0.05281151	  0.06201466	  0.05173615	  0.04705346	  0.04210659	  0.03452767	  0.06223475	  0.06222590
 -0.03319621	 -0.02968116	 -0.04451105	 -0.02206650	 -0.02729828	 -0.01492446	 -0.02050370	 -0.03666147	 -0.01672725	 -0.03244411	  0.00075210
 -0.04230744	 -0.01106105	 -0.04971298	 -0.00538704	 -0.01854315	  0.00318210	 -0.02467634	 -0.03443688	 -0.03906128	 -0.06195028	 -0.01964284
 -0.06553693	 -0.08016678	 -0.05492602	 -0.02735249	 -0.04367177	 -0.03485804	 -0.05209723	 -0.03154583	 -0.06394930	 -0.07713646	 -0.01159953
 -0.04678440	 -0.01755859	 -0.02137967	  0.00708537	  0.00649018	 -0.00100560	 -0.00801777	 -0.01601374	 -0.01836749	 -0.00350652	  0.04327787
  0.07157860	  0.06006662	  0.05534571	  0.03404081	  0.02062642	  0.04609947	  0.05300129	  0.04843804	  0.05079189	  0.04741980	 -0.02415880
 -0.05728861	 -0.05673717	 -0.01788663	 -0.03642697	 -0.01404858	 -0.02575386	 -0.03087558	 -0.03259266	 -0.03494123	 -0.02812984	  0.02915877
 -0.02773065	 -0.01707286	 -0.03085748	 -0.01933830	 -0.01856422	 -0.01907014	 -0.01864704	 -0.01014784	 -0.03092354	  0.02268901	  0.05041966
 -0.00761885	 -0.00192676	 -0.04792433	 -0.01162800	 -0.02086220	  0.00384511	 -0.03309562	 -0.03195666	 -0.04492469	 -0.02317839	 -0.01555954
  0.12101259	  0.13421565	  0.13437825	  0.14520428	  0.12161446	  0.11127096	  0.10845760	  0.09779393	  0.10229588	  0.11489760	 -0.00611499
  0.00206355	 -0.00612588	  0.00635966	  0.00941483	  0.01312454	  0.02831862	  0.03026944	  0.03378176	  0.03526901	  0.04418221	  0.04211865
  0.16219415	  0.17361840	  0.11508609	  0.11410442	  0.08925545	  0.09736825	  0.14008961	  0.12852102	  0.11180026	  0.12418959	 -0.03800456
  0.06260425	  0.10966586	  0.03004427	  0.06964247	  0.03053300	  0.05225942	  0.03187617	  0.05057495	  0.04713661	  0.07382622	  0.01122198
  0.01753207	 -0.02735636	  0.03208327	  0.01661431	  0.01216139	  0.04373189	 -0.00591879	  0.00151856	  0.00684945	 -0.01454533	 -0.03207740
  0.08065771	  0.04262490	  0.02871989	  0.06638276	  0.02002647	  0.02805513	  0.01506837	  0.02785667	  0.02432043	  0.02788636	 -0.05277135
  0.05975152	  0.04608585	  0.02968277	  0.02374885	  0.03712647	  0.01777542	  0.01885114	  0.03851337	  0.02715692	  0.02867351	 -0.03107800
  0.01898516	  0.03864352	  0.02803710	  0.02241023	  0.03375093	  0.04094567	  0.04262590	  0.04739883	  0.04575115	  0.06153059	  0.04254543
  0.05155944	  0.05938657	  0.08067361	  0.06013324	  0.05065406	  0.10794331	  0.07146173	  0.07581151	  0.07622028	  0.08865511	  0.03709566
  0.03813265	  0.02492638	  0.00810169	 -0.01483512	 -0.01140297	 -0.01025982	  0.01574192	  0.00371766	  0.03452306	  0.05669212	  0.01855947
  0.04669212	  0.06377444	  0.04041993	  0.01908427	  0.02325059	  0.03118283	  0.02922117	  0.04949923	  0.06492361	  0.04621394	 -0.00047818
 -0.08697757	 -0.02572428	 -0.02380434	 -0.04258753	 -0.03141322	  0.00642160	 -0.01296198	 -0.02956751	 -0.03239129	 -0.04125950	  0.04571807
 -0.01641909	 -0.02238197	 -0.00535470	  0.01954702	 -0.00784336	  0.01178170	  0.01475697	  0.02008466	  0.02834058	  0.02787443	  0.04429352
 -0.01609927	  0.00347332	  0.02982646	  0.02658738	  0.03290719	  0.03000838	  0.02704228	  0.01290016	 -0.00263795	 -0.00562249	  0.01047678
 -0.07728166	 -0.05076523	 -0.00128219	 -0.02227238	 -0.01521284	  0.00761640	 -0.02425006	 -0.02177420	 -0.02857225	 -0.01975287	  0.05752878
  0.07108815	  0.04500159	  0.02110477	  0.04298149	  0.03242183	 -0.01094115	  0.03776243	  0.02066965	  0.02910938	  0.00120638	 -0.06988177
 -0.01606610	 -0.00687981	 -0.00812791	 -0.01863382	 -0.01643837	  0.00587711	 -0.02028146	 -0.00693143	 -0.01124269	  0.03420906	  0.05027516
 -0.04327209	 -0.04282839	 -0.02332739	  0.02074734	 -0.00666592	 -0.02876371	  0.00516938	 -0.00949779	  0.00530939	  0.02576527	  0.06903736
 -0.06131226	 -0.05311300	 -0.03871649	 -0.04027193	 -0.03815189	 -0.03814476	 -0.03745875	 -0.02962194	 -0.05001294	 -0.05296151	  0.00835075
  0.01414361	  0.02656821	  0.00659276	  0.01418260	 -0.00054023	  0.02080178	  0.01691723	  0.00540940	  0.02345848	  0.01893124	  0.00478763
 -0.01477328	 -0.00991847	  0.00540860	 -0.00534750	  0.00209801	  0.01927187	  0.01054091	  0.00885277	  0.01218034	 -0.01022068	  0.00455259
 -0.06120987	 -0.07921052	 -0.05833496	 -0.05536240	 -0.04812030	 -0.03957632	 -0.05073536	 -0.03405762	 -0.05780421	 -0.03653506	  0.02467480
  0.04051589	  0.00832878	  0.02226030	  0.03716545	  0.02590363	  0.01468934	  0.03458566	  0.02392848	  0.03299379	  0.03794148	 -0.00257441
 -0.05321548	 -0.04765818	 -0.03282723	 -0.00984317	 -0.00440427	  0.00225986	 -0.02465719	 -0.02492296	 -0.01225849	 -0.03564885	  0.01756663
  0.15643406	  0.14513104	  0.13921961	  0.09943668	  0.10215569	  0.11238081	  0.09260129	  0.10733299	  0.09263840	  0.12491675	 -0.03151730
 -0.02270315	 -0.03669999	 -0.01725533	  0.01152278	  0.01016598	  0.01236918	  0.00493906	  0.00184449	  0.00408168	  0.00541188	  0.02811503
  0.00833870	 -0.00774908	 -0.00763485	 -0.00658135	  0.01632735	  0.01001962	  0.01159267	  0.00137695	 -0.00981973	  0.00424447	 -0.00409424
 -0.03727474	 -0.02279993	 -0.01148699	 -0.00848311	  0.00206283	 -0.01524129	 -0.00260842	  0.00917271	  0.00107139	 -0.01892350	  0.01835124
  0.02136521	  0.03555493	  0.01505596	  0.03323594	  0.02405282	  0.02452035	  0.02195357	  0.02020350	  0.01994801	  0.01660170	 -0.00476351
  0.13579880	  0.11688588	  0.08258329	  0.07872536	  0.06094380	  0.07304374	  0.07628346	  0.07811165	  0.07345289	  0.12000123	 -0.01579757
 -0.00098650	  0.01139041	  0.01350166	  0.01284835	  0.02345258	  0.02239571	  0.00551577	  0.02960019	  0.04583734	  0.02432249	  0.02530899
 -0.03676256	 -0.01385173	  0.00906222	 -0.00624513	  0.01176882	  0.00104675	 -0.01474468	  0.00502440	  0.02165893	  0.00333473	  0.04009729
 -0.04598179	 -0.01305174	  0.01416162	  0.00519737	 -0.00092442	  0.00209379	  0.00135480	 -0.00414468	 -0.00953050	 -0.00790627	  0.03807552
  0.05055069	  0.06666553	  0.05770847	  0.07804259	  0.05851723	  0.04528412	  0.05244902	  0.07041900	  0.05902649	  0.04283302	 -0.00771766
  0.01633190	  0.02185711	  0.01600997	  0.01185209	  0.01843441	  0.02576462	  0.00585937	  0.00982336	  0.03588339	  0.02368137	  0.00734947
  0.02315902	  0.00079093	  0.00394634	 -0.00569509	 -0.01411319	 -0.01281813	  0.01454774	  0.00497568	 -0.02971696	  0.00540071	 -0.01775831
 -0.02372906	 -0.00250672	 -0.00906089	 -0.00342787	  0.00348697	 -0.00306088	 -0.00532589	 -0.00992545	  0.00158381	  0.00310910	  0.02683816
 -0.05598101	 -0.04916619	 -0.03502859	 -0.04179341	 -0.03116778	 -0.03553412	 -0.02864466	 -0.05052433	 -0.00109698	 -0.04507312	  0.01090789
  0.01960595	  0.03249436	  0.05547142	  0.05224972	  0.03908912	  0.04580368	  0.05427046	  0.05866432	  0.04364648	  0.07096920	  0.05136325
  0.07262365	  0.08005001	  0.05749216	  0.06855768	  0.06794564	  0.05098610	  0.08041112	  0.08688736	  0.06905620	  0.07933197	  0.00670833
  0.05409121	  0.04438781	  0.03400301	  0.03301172	  0.05525720	  0.02889065	  0.06659962	  0.02893957	  0.05084261	  0.03386066	 -0.02023055
  0.02122850	  0.02063968	 -0.01237236	  0.02571602	 -0.00135168	  0.01080535	  0.02040251	  0.02912305	 -0.01765422	  0.03827324	  0.01704474
  0.08863911	  0.08014375	  0.07517994	  0.09367098	  0.05553945	  0.07814621	  0.09905987	  0.07204443	  0.07418314	  0.09202537	  0.00338627
  0.03065538	  0.05891749	  0.05801680	  0.07077710	  0.03004750	  0.06145384	  0.06167206	  0.06387315	  0.05888542	  0.07150379	  0.04084841
  0.02311212	 -0.02413411	  0.01768955	 -0.02821252	 -0.00098608	 -0.02511271	 -0.03039155	  0.00720837	 -0.01728064	  0.01921629	 -0.00389583
  0.04350458	  0.05317624	  0.04275681	  0.06473215	  0.03338802	  0.05672377	  0.05624491	  0.05455924	  0.06850011	  0.06875677	  0.02525219
 -0.03623828	  0.00028808	  0.02026553	  0.02273433	  0.00757926	  0.02426536	  0.03579269	  0.03649741	 -0.01864743	  0.02289901	  0.05913729
 -0.06844651	 -0.07107314	 -0.06934307	 -0.05349365	 -0.06507032	 -0.03506301	 -0.04908503	 -0.05777255	 -0.06362399	 -0.08121224	 -0.01276573
  0.06650915	  0.06713625	  0.05749487	  0.05608376	  0.07068146	  0.08710708	  0.07259687	  0.05704685	  0.08635018	  0.03856472	 -0.02794443
 -0.10942906	 -0.07434032	 -0.09352594	 -0.09826644	 -0.06286115	 -0.06687517	 -0.08129616	 -0.08220227	 -0.07130332	 -0.06501780	  0.04441126
  0.05196289	  0.05773873	  0.06892966	  0.07292946	  0.02323716	  0.05190167	  0.06713268	  0.05799004	  0.04923313	  0.06823443	  0.01627154
  0.03312482	 -0.00552222	  0.02573267	  0.00760615	  0.02926899	  0.02019934	  0.00951626	  0.01585486	  0.02793748	  0.00201522	 -0.03110960
 -0.02198428	 -0.02909841	 -0.03651918	 -0.03778880	 -0.02205332	 -0.01964766	 -0.02443971	 -0.02604545	 -0.03105646	 -0.03499095	 -0.01300667
  0.20317768	  0.13276750	  0.13548120	  0.11575412	  0.13248833	  0.12312486	  0.13441687	  0.12812727	  0.11037368	  0.13063284	 -0.07254483
  0.08955176	  0.06939741	  0.06180702	  0.05343708	  0.02446664	  0.03979423	  0.04301457	  0.05770951	  0.04025158	  0.04643688	 -0.04311487
  0.02121542	  0.01491285	  0.01269607	  0.04189392	  0.01774186	  0.00495787	  0.01255628	  0.02899234	  0.04473181	  0.01158956	 -0.00962586
  0.01387356	 -0.02238424	 -0.01854095	  0.00555659	 -0.01530909	 -0.02536388	 -0.03005695	 -0.02765321	 -0.01418189	 -0.02316478	 -0.03703834
 -0.01378240	  0.01792558	  0.00331543	 -0.00214427	  0.00709581	  0.00038249	  0.01199172	  0.01579715	  0.01930318	 -0.00378099	  0.01000141
  0.02435114	  0.03763628	  0.04295210	  0.03409079	  0.06176564	  0.05065790	  0.05078994	  0.03988345	  0.05721275	  0.04811230	  0.02376116
  0.04062216	  0.05983514	  0.04554502	  0.03287540	  0.05308821	  0.04204921	  0.04578705	  0.05671268	  0.04050038	  0.05185000	  0.01122784
  0.07652433	  0.03065046	  0.04038026	  0.03720859	  0.04857269	  0.02642664	  0.06466242	  0.02621177	  0.02080325	  0.02977623	 -0.04674810
 -0.03244484	 -0.00831671	 -0.01117031	 -0.05142852	 -0.02795274	 -0.01464944	 -0.01549882	 -0.01976579	 -0.02930282	 -0.02690303	  0.00554181
 -0.29092893	 -0.26169996	 -0.22770296	 -0.21693302	 -0.20642782	 -0.20952375	 -0.20147412	 -0.23141588	 -0.21981474	 -0.25571208	  0.03521686
 -0.09733361	 -0.06759679	 -0.08163399	 -0.07263851	 -0.08516544	 -0.06024229	 -0.06736056	 -0.05104436	 -0.07195513	 -0.10667363	 -0.00934002
  0.10233932	  0.11192151	  0.08844557	  0.05505956	  0.05571833	  0.08988777	  0.05426677	  0.08808743	  0.06196695	  0.10732071	  0.00498139
 -0.01073365	 -0.00866615	  0.07330893	  0.05939789	  0.04331911	  0.05738090	  0.04845381	  0.04964582	  0.02134957	  0.03332775	  0.04406140
  0.07917185	  0.05793467	  0.03778496	  0.04314002	  0.04191697	  0.05386464	  0.05638892	  0.05064566	  0.05471682	  0.08261264	  0.00344080
  0.02037429	 -0.03257538	 -0.01749647	 -0.02333797	 -0.00778379	 -0.02627591	 -0.04056822	 -0.02249323	 -0.02512048	  0.00038115	 -0.01999314
  0.02465707	  0.01120642	 -0.00056556	  0.02634343	 -0.00044590	  0.00151930	  0.03326275	 -0.00245133	 -0.00319517	 -0.00074606	 -0.02540313
 -0.01030244	  0.00082737	 -0.00417568	  0.01566454	  0.01045613	  0.00029306	 -0.00105567	 -0.00633173	  0.01757121	 -0.01566979	 -0.00536734
  0.08204256	  0.06667151	  0.03638429	  0.04543438	  0.03311830	  0.04528190	  0.06847696	  0.04069345	  0.06201149	  0.07226483	 -0.00977774
 -0.00347963	 -0.02002369	  0.00005807	 -0.00725556	 -0.00699436	 -0.01114959	  0.00046636	  0.00749499	 -0.00941609	 -0.01212558	 -0.00864595
 -0.05929009	 -0.03185549	 -0.01359487	 -0.02567000	 -0.01179118	 -0.03546967	 -0.04660714	 -0.00206137	 -0.02488222	 -0.02366383	  0.03562626
  0.04095189	  0.03471688	  0.03022578	  0.01762616	  0.03166449	  0.04804243	  0.04096622	  0.05667690	  0.06495386	  0.05595151	  0.01499962
  0.00249800	  0.00258324	  0.01246924	  0.00802097	  0.04186545	  0.02958137	  0.04600247	  0.02407579	  0.00630393	  0.02620850	  0.02371050
 -0.03152803	 -0.02066677	 -0.01612594	 -0.01765017	 -0.00739438	 -0.01117420	 -0.01622468	 -0.01898549	 -0.01029975	 -0.03231225	 -0.00078422
  0.05378998	  0.03025082	  0.02475420	  0.01412820	  0.02285327	  0.01370370	  0.01559030	  0.03153507	  0.01896925	  0.00943975	 -0.04435023
  0.06412084	  0.07859648	  0.05911314	  0.05823406	  0.06706798	  0.06154898	  0.07581666	  0.05526661	  0.07640006	  0.06317726	 -0.00094358
 -0.01382315	 -0.02201727	 -0.01435417	 -0.02756749	 -0.01108307	 -0.02360901	 -0.02316009	 -0.01173576	 -0.01381458	 -0.01795054	 -0.00412739
  0.02400263	  0.02316565	  0.04119579	  0.01928807	  0.03035241	 -0.00885721	  0.03305724	  0.03999215	  0.02666316	  0.01508082	 -0.00892180
  0.06934599	  0.04263739	  0.03735851	  0.02765881	  0.05181848	  0.04807125	  0.06094429	  0.05761184	  0.05923612	  0.05059197	 -0.01875403
  0.07322409	  0.05379446	  0.04174354	  0.03394130	  0.04693438	  0.02622329	  0.05353996	  0.04454228	  0.02787231	  0.03499425	 -0.03822984
 -0.05721544	 -0.00850388	 -0.00211264	  0.00574072	 -0.00116969	 -0.00835673	 -0.01332825	 -0.00506796	  0.00421766	  0.01554757	  0.07276301
  0.04934788	  0.06526578	  0.06739736	  0.06747510	  0.08692572	  0.07044474	  0.09822001	  0.12190378	  0.09328072	  0.08042088	  0.03107300
  0.02589371	  0.04242220	  0.02656798	  0.01219857	  0.01331549	  0.03044367	  0.02186436	  0.00472790	  0.01107515	  0.03239079	  0.00649708
  0.01752920	  0.00068950	  0.00182711	 -0.00384443	 -0.00127065	 -0.01901643	  0.00986368	 -0.00934212	 -0.00844167	 -0.02982038	 -0.04734958
 -0.05193810	 -0.04825831	 -0.02349575	 -0.02148309	 -0.02467736	 -0.04153269	 -0.02056820	 -0.01548431	 -0.03829952	 -0.02507858	  0.02685953
  0.01410283	  0.01732753	  0.01546016	  0.02197931	  0.01317827	  0.00929269	  0.02945208	  0.02182030	  0.01833620	 -0.01081373	 -0.02491656
  0.00474064	  0.02223868	  0.01121658	  0.01595828	  0.01131472	  0.00713863	  0.01944012	  0.02327599	  0.01324290	  0.02495956	  0.02021892
 -0.06091111	 -0.06430420	 -0.08002387	 -0.07466128	 -0.05645070	 -0.07421878	 -0.06709532	 -0.07896412	 -0.07226743	 -0.09477597	 -0.03386486
  0.02843308	  0.03342958	  0.02353699	  0.00853227	  0.01479661	  0.00508807	  0.02470706	  0.01290902	  0.02139373	 -0.00232642	 -0.03075950
  0.05247285	  0.02860265	  0.02628826	  0.01261277	  0.02728006	  0.01744674	  0.02038743	  0.03237129	  0.03444341	  0.02578849	 -0.02668436
 -0.05201249	 -0.03652666	 -0.03909347	 -0.02887785	 -0.02695515	 -0.01846737	 -0.02236124	 -0.02119477	 -0.03084893	  0.00597783	  0.05799032
  0.10652102	  0.09773850	  0.09324674	  0.07943447	  0.09832127	  0.07969141	  0.08062677	  0.10563063	  0.07661229	  0.09968455	 -0.00683647
 -0.00763693	 -0.00758976	 -0.02357163	 -0.01153024	 -0.00545824	 -0.00483282	  0.00694179	 -0.00985033	  0.00813448	  0.01830090	  0.02593783
 -0.05512590	 -0.02370881	 -0.02963019	 -0.01169009	 -0.01111377	  0.00115398	  0.00669070	 -0.00688039	 -0.01030766	 -0.00427862	  0.05084728
 -0.13021624	 -0.12463298	 -0.08843151	 -0.09137150	 -0.08974883	 -0.07877803	 -0.08227571	 -0.10226499	 -0.08375626	 -0.08458068	  0.04563556
 -0.07453099	 -0.10494245	 -0.04980657	 -0.03949453	 -0.02859357	 -0.03336219	 -0.06279810	 -0.06418963	 -0.05260864	 -0.05440845	  0.02012254
 -0.00413053	 -0.03145649	 -0.00630626	 -0.02105747	  0.00105113	 -0.00130506	 -0.01640856	  0.00782819	 -0.01409001	 -0.01635868	 -0.01222815
  0.10090535	  0.05459748	  0.07125524	  0.07348836	  0.06335370	  0.06520344	  0.07001679	  0.05836088	  0.08093207	  0.08830404	 -0.01260131
  0.06536210	  0.01571165	  0.03844537	  0.04354309	  0.01689009	  0.03873312	  0.02313527	  0.02599537	  0.04098161	  0.03273486	 -0.03262724
  0.09998919	  0.10153509	  0.05357995	  0.06083352	  0.03570057	  0.02776957	  0.04316008	  0.05579507	  0.03095875	  0.00630142	 -0.09368777
  0.11256309	  0.07598913	  0.08017544	  0.06760517	  0.06428823	  0.07409480	  0.04350141	  0.08604561	  0.07611814	  0.09219740	 -0.02036569
  0.04554894	  0.02838820	  0.03652007	  0.02275328	  0.02104272	  0.03864713	  0.03257493	  0.01081521	  0.03033461	  0.04050195	 -0.00504698
  0.00641088	  0.00697350	  0.00383759	 -0.00036634	  0.00636126	  0.00516177	  0.00649967	 -0.00689442	 -0.00433608	  0.02374941	  0.01733852
  0.05753336	  0.05721228	  0.04056361	  0.05724812	  0.03821725	  0.03310582	  0.03639442	  0.04299624	  0.02750538	  0.04869348	 -0.00883988
 -0.08524901	 -0.06094397	 -0.04038221	 -0.04692017	 -0.03960728	 -0.03379000	 -0.03124679	 -0.04254232	 -0.04294036	 -0.05634628	  0.02890272
  0.03682915	  0.03613761	  0.05434271	  0.02744543	  0.04225659	  0.04226751	  0.04612495	  0.06703366	  0.04535912	  0.05435733	  0.01752819
  0.04044145	  0.00597009	  0.03671986	  0.02250433	  0.02550524	  0.02544651	  0.01991934	  0.02894869	  0.02594548	  0.02243523	 -0.01800622
 -0.01907639	 -0.01823595	 -0.01470167	 -0.00892024	 -0.01030535	 -0.01850699	 -0.01544477	 -0.00629089	 -0.01133782	 -0.00815867	  0.01091772
  0.00572851	  0.02003332	  0.00378916	  0.01820031	  0.02457591	  0.02376384	  0.01772782	  0.00294430	  0.00673836	  0.02630188	  0.02057336
 -0.06026079	 -0.04951422	 -0.03618615	 -0.04776908	 -0.04092642	 -0.03679118	 -0.03324493	 -0.01941327	 -0.03123019	 -0.01644820	  0.04381260
  0.14665209	  0.11130877	  0.12334718	  0.09980127	  0.11140784	  0.12097492	  0.10142370	  0.11580606	  0.08724844	  0.09482973	 -0.05182236
  0.04962742	  0.03389114	 -0.01365409	 -0.02277623	 -0.00031003	 -0.02623755	 -0.01142362	 -0.01136981	 -0.00474430	 -0.01987669	 -0.06950411
  0.05209555	  0.04861854	  0.02373773	 -0.00504024	  0.01723989	  0.01431480	 -0.00222294	 -0.00449880	  0.00931393	  0.00120794	 -0.05088761
 -0.04118689	 -0.02706104	 -0.02171766	 -0.00854856	 -0.01760369	 -0.02248158	 -0.01170100	 -0.01742171	 -0.02485284	 -0.04482292	 -0.00363603
 -0.01084145	  0.02019551	  0.01002666	  0.01791557	  0.01867121	  0.02639522	  0.04022788	  0.02005987	  0.02567344	 -0.01518300	 -0.00434155
  0.00020271	  0.01604530	  0.00643095	 -0.00312044	  0.00578062	  0.01118908	  0.00092701	  0.01065845	  0.01832705	  0.00272439	  0.00252168
 -0.04737648	 -0.01022954	 -0.01098799	 -0.01617715	 -0.02311320	 -0.01924649	 -0.02022093	 -0.01799494	  0.00667969	 -0.02420245	  0.02317403
  0.03008426	  0.02705956	  0.03428071	  0.05467989	  0.04282563	  0.04761032	  0.04101149	  0.04350938	  0.01607812	  0.05365546	  0.02357120
 -0.06435221	 -0.03825222	 -0.02387317	 -0.01011756	 -0.02061594	 -0.01070972	 -0.01773103	 -0.00265638	 -0.03605045	 -0.01432116	  0.05003105
  0.03339182	  0.02131505	  0.01469089	  0.01947760	  0.02874250	 -0.00954662	  0.02908340	  0.00370980	  0.00008627	  0.01050378	 -0.02288804
  0.04226986	  0.02828568	  0.02092754	  0.02722760	 -0.00171159	 -0.00030511	  0.00195948	  0.00358864	 -0.01627378	  0.02105576	 -0.02121410
  0.09711680	  0.06784642	  0.04783159	  0.02011648	  0.04560525	  0.02500145	  0.02510571	  0.03731889	  0.03899503	  0.03836582	 -0.05875097
  0.03788217	  0.02833482	  0.01525597	  0.01778347	  0.00950711	  0.02274153	  0.03350867	  0.00495700	 -0.02319817	  0.00931338	 -0.02856879
  0.03658315	  0.00238149	 -0.00738662	  0.01202257	  0.01019195	  0.00103719	  0.01451298	  0.01917039	  0.01424575	  0.03443420	 -0.00214896
 -0.06300069	  0.00096164	  0.00402338	  0.01287188	  0.00447407	  0.00886393	  0.01812626	  0.01678502	  0.02830842	  0.00482429	  0.06782499
  0.04397224	  0.02279767	  0.04046767	  0.03453276	  0.01016310	  0.02757286	  0.02199308	  0.01181558	  0.03471383	  0.00301033	 -0.04096191
 -0.02210788	 -0.00312514	 -0.01547152	 -0.03386444	 -0.05868063	 -0.01706809	 -0.03739959	 -0.01882724	 -0.01065661	 -0.03968280	 -0.01757492
  0.02631576	  0.02530978	  0.02235379	  0.01165029	  0.02631985	  0.02265543	  0.02045591	  0.02447418	  0.05787256	  0.06959441	  0.04327865
  0.01917452	  0.01215035	 -0.00409879	  0.02132800	 -0.00104408	  0.00572890	  0.00401247	 -0.00652289	  0.01909022	 -0.01304122	 -0.03221574
 -0.00992135	 -0.02336021	 -0.01572815	 -0.00570784	  0.00657609	 -0.00857315	  0.00579222	  0.01757764	  0.00650517	 -0.02306795	 -0.01314660
  0.04649857	  0.02293857	  0.04394508	  0.04158620	  0.02781364	  0.03379639	  0.06205496	  0.03554341	  0.03253816	  0.06219696	  0.01569838
  0.05162111	  0.01574395	  0.00815607	  0.00644376	 -0.00593855	  0.00953738	 -0.01597316	 -0.02540230	 -0.01086546	 -0.02465650	 -0.07627760
  0.00408598	  0.02829860	  0.00098831	  0.00412314	  0.01967503	  0.01203112	  0.00825846	  0.02188319	  0.00886601	  0.05200291	  0.04791693
 -0.03842295	 -0.02290276	 -0.02128101	 -0.01940595	 -0.00625233	 -0.00894258	 -0.02300843	  0.01190378	 -0.02850359	  0.01287478	  0.05129774
  0.02678593	  0.01376860	  0.02346930	  0.01962809	  0.00613090	  0.01531948	  0.02725738	  0.01107374	  0.01198446	  0.03937717	  0.01259124
  0.02263008	  0.03280654	  0.02215090	  0.01484084	  0.03934560	  0.03237108	  0.03855571	  0.02938227	  0.03325822	  0.01901464	 -0.00361544
 -0.02807234	 -0.01573334	 -0.02490581	 -0.01874919	 -0.01135845	 -0.04015528	 -0.02522326	 -0.01904417	 -0.03366591	 -0.01827309	  0.00979925
 -0.05283116	 -0.04649912	 -0.04160053	 -0.04484383	 -0.04854198	 -0.03522116	 -0.04451033	 -0.03298662	 -0.04998271	 -0.02587695	  0.02695421
  0.00605030	  0.01131901	  0.01637193	  0.02161137	  0.00748455	  0.01594171	  0.00616908	 -0.00235941	  0.01074515	  0.01217423	  0.00612393
  0.00811275	  0.00479384	  0.01376830	 -0.00490007	  0.01226540	  0.00411365	  0.02530927	  0.00403084	  0.03431538	  0.03987239	  0.03175964
 -0.04377608	 -0.03763306	 -0.02867885	 -0.01859127	 -0.02381686	 -0.01400572	 -0.03054311	 -0.02364938	 -0.02124485	 -0.04372151	  0.00005457
  0.04080674	  0.02908392	  0.01469222	  0.04206878	  0.03864816	  0.03369111	  0.02273819	  0.03062558	  0.02670454	  0.03020921	 -0.01059753
  0.06506497	  0.05887803	  0.05689962	  0.05851122	  0.02326341	  0.03167411	  0.03186661	  0.04013435	  0.03555747	  0.07013522	  0.00507026
 -0.01770563	 -0.02764375	 -0.02065214	 -0.00630749	 -0.03610402	 -0.02589265	 -0.02716138	 -0.02864019	 -0.02143366	  0.01341486	  0.03112048
  0.00924896	  0.02611994	  0.02525200	  0.01984332	  0.03503117	  0.01215765	  0.00967955	  0.01775082	  0.00456133	  0.02162380	  0.01237485
 -0.03186549	 -0.03405136	 -0.03074025	 -0.01689117	 -0.02143721	 -0.04060710	 -0.03409883	 -0.04498920	 -0.06914670	 -0.05150061	 -0.01963511
  0.00096012	  0.01823894	  0.00786065	  0.00360876	  0.00703856	  0.01250361	  0.03643778	  0.01622562	  0.00957153	  0.01825081	  0.01729069
  0.02167867	  0.02157453	  0.04368542	  0.03663929	  0.04197859	  0.02790740	  0.00610759	  0.01360997	 -0.00844706	 -0.01111292	 -0.03279159
  0.04120586	  0.04484382	  0.03050272	  0.03659836	  0.03727082	  0.05897069	  0.03673361	  0.05378187	  0.04332049	  0.03420530	 -0.00700056
  0.02870124	  0.02739375	  0.02095571	  0.03372663	  0.02505549	  0.02284299	  0.01800079	  0.02451204	  0.02922258	  0.04567302	  0.01697178
  0.02658460	  0.02188255	  0.03544423	  0.01342275	  0.02972914	  0.02966113	  0.04335441	  0.02621577	  0.01209557	  0.03719262	  0.01060802
  0.03131477	  0.04886781	  0.04257514	  0.03310197	  0.03402836	  0.05237280	  0.03908512	  0.02633204	  0.01794518	  0.02519654	 -0.00611823
  0.03692457	  0.03662835	  0.01906951	  0.02953242	  0.01874235	  0.02873021	  0.02653920	  0.02974022	  0.04369510	  0.04430412	  0.00737955
  0.03199233	  0.05222743	  0.03734024	  0.02459680	  0.02154101	  0.03239175	  0.03833541	  0.04703179	  0.02741013	  0.08120392	  0.04921159
  0.00806042	  0.02001222	  0.00528584	 -0.00017626	  0.01674340	  0.00503696	  0.00178114	  0.01270591	  0.02365052	 -0.00199954	 -0.01005996
  0.04038725	  0.04680513	  0.05694488	  0.04749191	  0.04940434	  0.02832436	  0.03526926	  0.01585079	  0.05595112	 -0.03462161	 -0.07500886
 -0.04914818	 -0.03288177	  0.01144447	 -0.01764153	  0.00286530	  0.01391257	 -0.01541222	 -0.01278064	 -0.02467733	 -0.01466335	  0.03448483
  0.06759031	  0.03313113	  0.06009072	  0.05255903	  0.04174821	  0.04249167	  0.02185426	  0.04727978	  0.04358097	  0.04810106	 -0.01948926
  0.02642374	  0.01324427	  0.01076337	  0.02218781	  0.02641519	  0.01559876	  0.02353480	  0.01809662	 -0.00845893	 -0.00716688	 -0.03359063
  0.00404291	  0.01253538	  0.03298219	  0.03040181	  0.00995969	  0.04404871	  0.02307946	  0.03922579	  0.04411284	  0.07165709	  0.06761418
  0.01659228	 -0.00590770	  0.01700883	  0.02559672	  0.01178003	  0.00027733	  0.00216057	  0.01979215	  0.02995580	  0.05871834	  0.04212606
  0.02564877	 -0.00668595	  0.01797874	 -0.00151899	  0.01996976	  0.01123968	  0.01319388	  0.02111803	  0.01298737	 -0.02095438	 -0.04660315
  0.05359426	  0.01959688	 -0.00232118	  0.02425887	  0.02262738	  0.00870952	  0.02148107	  0.02190235	  0.04830679	  0.01046278	 -0.04313148
  0.04975493	  0.01356665	  0.04369149	  0.03087639	  0.02311222	  0.02300834	  0.02072623	  0.01626019	  0.01194640	  0.02444338	 -0.02531155
 -0.01267853	  0.00571046	  0.03025007	  0.01420700	 -0.00477852	 -0.00844877	  0.00172853	 -0.01433551	 -0.03456417	 -0.06751107	 -0.05483254
 -0.05770017	 -0.03862841	 -0.04455798	 -0.04110870	 -0.04103050	 -0.03774876	 -0.06368479	 -0.04814874	 -0.07604800	 -0.05424331	  0.00345686
  0.05650159	  0.01201372	  0.02012341	  0.01509706	  0.03867165	  0.03803505	  0.01863278	  0.03760838	  0.03747526	  0.06276931	  0.00626772
  0.07328368	  0.05685663	  0.05828507	  0.04398296	  0.05255932	  0.05552194	  0.04002810	  0.07053311	  0.06439246	  0.05504302	 -0.01824066
  0.00194097	  0.03271056	  0.03370939	  0.01595503	  0.04411620	  0.03417175	  0.00964182	  0.02141459	 -0.01047073	 -0.00365857	 -0.00559955
  0.05024891	  0.06659916	  0.05529195	  0.07795759	  0.06808299	  0.07209059	  0.08131960	  0.07571124	  0.05886234	  0.12322103	  0.07297212
  0.00586882	 -0.01237428	 -0.01311906	 -0.01805789	 -0.01077505	 -0.02562476	  0.00231380	 -0.02024207	 -0.00847823	 -0.02600264	 -0.03187147
  0.06368187	  0.05950355	  0.07259769	  0.06542284	  0.08318790	  0.05490127	  0.02573832	  0.03969467	  0.05571569	  0.02999036	 -0.03369150
 -0.02423932	  0.00202377	  0.00709227	  0.01642394	  0.00440128	  0.00386840	  0.01399677	  0.01049818	  0.00631370	 -0.06178229	 -0.03754297
 -0.06102281	 -0.04255284	 -0.04757688	 -0.05263412	 -0.05817757	 -0.03967221	 -0.00892335	 -0.03086376	 -0.05846043	 -0.03905559	  0.02196722
  0.02249947	  0.05475489	  0.09484605	  0.05347882	  0.05846226	  0.05581325	  0.01683442	  0.02665876	  0.04092633	  0.08268721	  0.06018774
  0.08247672	  0.07880084	  0.05394420	  0.05737593	  0.04171871	  0.06573360	  0.07014227	  0.07180298	  0.10147764	  0.09683629	  0.01435957
  0.02053082	  0.04951273	  0.03922276	  0.06038548	  0.03549921	  0.04374053	  0.04522440	  0.03766536	  0.04548415	  0.03155125	  0.01102043
  0.10954775	  0.08627868	  0.07717411	  0.07188703	  0.07452276	  0.08034428	  0.07312919	  0.07235011	  0.08913224	  0.13615453	  0.02660677
 -0.01045920	 -0.04074001	 -0.05298090	 -0.05006185	 -0.04168966	 -0.07159374	 -0.02570490	 -0.02576867	 -0.01509824	 -0.01967650	 -0.00921730
  0.06469506	  0.07058931	  0.05591018	  0.05578962	  0.04304408	  0.06315955	  0.05716283	  0.05934817	  0.04207153	  0.05013640	 -0.01455866
 -0.05379878	 -0.00157191	 -0.00380933	 -0.03679672	 -0.04715765	 -0.04374941	 -0.02446304	 -0.04132467	 -0.06094788	 -0.05429907	 -0.00050029
 -0.01005469	  0.03842061	  0.06638786	  0.03575224	  0.04527687	  0.05203932	  0.04356414	  0.01900040	  0.00814253	  0.04758850	  0.05764319
 -0.04310853	  0.01504413	  0.01406567	  0.02526500	  0.03017718	  0.03248924	  0.02367006	  0.02269469	  0.00566310	 -0.03830944	  0.00479909
  0.02483113	  0.00656890	  0.01479010	 -0.00353000	  0.00571259	  0.01007795	 -0.00101835	 -0.01732557	  0.01420414	  0.03011191	  0.00528078
  0.05889415	  0.05823488	  0.05993728	  0.06536505	  0.08349858	  0.05738046	  0.08239546	  0.07613594	  0.07804554	  0.11751745	  0.05862331
  0.05116728	  0.05559958	  0.05647586	  0.05123450	  0.06031014	  0.05477679	  0.02891927	  0.08083679	  0.00157486	  0.02706109	 -0.02410618
  0.05580557	 -0.00047213	  0.00020399	 -0.01442606	  0.00047826	  0.02282733	  0.00306040	 -0.00596497	  0.03025568	  0.04409115	 -0.01171442
 -0.03238105	 -0.01153533	 -0.02517016	  0.00333565	 -0.03310917	 -0.02914682	 -0.00639455	 -0.01403857	 -0.05049617	 -0.04362732	 -0.01124627
  0.02902432	  0.02337914	  0.03593483	  0.02613667	  0.05919556	  0.04408589	  0.03733263	  0.02855037	 -0.00810877	  0.04551536	  0.01649104
 -0.00649574	 -0.04349458	 -0.01495677	  0.01305086	 -0.02825466	 -0.02712076	 -0.01579706	 -0.04180533	  0.01708549	 -0.00273677	  0.00375897
 -0.14983113	 -0.15566617	 -0.15450971	 -0.13735487	 -0.17103765	 -0.13790797	 -0.11263315	 -0.16366314	 -0.15708989	 -0.18013463	 -0.03030351
  0.11379025	  0.06524908	  0.06516700	  0.07019545	  0.07155415	  0.04384255	  0.06335827	  0.01603131	  0.09025930	  0.12952163	  0.01573138
  0.07129318	  0.04268171	  0.06161772	  0.07805148	  0.06956617	  0.08760167	  0.08260996	  0.10161022	  0.08938517	  0.08575053	  0.01445735
  0.06130752	  0.07248524	  0.05836177	  0.07159649	  0.08257224	  0.04817457	  0.04503789	  0.03560070	  0.09694946	  0.06957622	  0.00826870
  0.10914574	  0.05857523	  0.05240513	  0.07145986	  0.06325461	  0.04599082	  0.03999943	  0.02626906	  0.07044474	  0.10322708	 -0.00591866
  0.07317681	  0.00988075	  0.07042158	  0.01217714	 -0.00067793	  0.02545836	  0.09170680	  0.00301167	  0.02278789	  0.11220773	  0.03903093
 -0.03497835	 -0.02415723	 -0.05367625	 -0.02816749	 -0.04177829	 -0.04380908	 -0.04063421	 -0.02913932	 -0.01882831	 -0.00731955	  0.02765880
  0.06900107	  0.00715381	  0.04760535	  0.02200970	 -0.00016826	  0.04380050	  0.03856579	  0.06091644	  0.01960548	  0.06238873	 -0.00661235
 -0.01400048	  0.03338909	 -0.01622659	  0.06406393	  0.03014980	  0.04165575	  0.02797192	  0.11349721	  0.07171501	  0.08424730	  0.09824777
 -0.01203982	 -0.02199590	  0.00053726	 -0.01684390	 -0.00362455	 -0.04266303	 -0.03118578	  0.00432463	 -0.03039278	 -0.02134853	 -0.00930872
  0.02820289	  0.04776276	  0.05956678	  0.05193328	  0.03174195	  0.05801061	  0.04616923	  0.07281587	  0.05003253	  0.06057627	  0.03237338
 -0.03333497	 -0.02543496	 -0.03765286	 -0.03342102	 -0.02510193	 -0.00920962	 -0.01471614	 -0.00942972	 -0.06454361	 -0.04960502	 -0.01627005
 -0.01138091	 -0.05334129	  0.00999053	 -0.00587372	 -0.02994582	  0.00731872	  0.03649054	 -0.01351341	 -0.00606464	 -0.01161441	 -0.00023350
  0.01171871	 -0.03212560	 -0.01760294	 -0.02989649	 -0.01664798	 -0.02839525	 -0.05132111	 -0.05493725	 -0.04832275	 -0.02408837	 -0.03580708
  0.05823045	  0.08178248	  0.04898532	  0.06630569	  0.04264034	  0.07687309	  0.05405524	  0.01526920	  0.10558565	  0.15326440	  0.09503395
  0.08002858	  0.01250647	  0.00073133	  0.00396950	  0.01191342	 -0.00437437	  0.03462634	  0.04203975	  0.03855172	  0.06297195	 -0.01705663
  0.08495140	 -0.02706126	  0.11621384	  0.02047487	  0.01076299	  0.07016560	  0.06252697	  0.10460371	  0.06829169	  0.12377183	  0.03882043
 -0.06470727	 -0.00843790	 -0.07562859	  0.02787969	 -0.07523527	 -0.03815443	 -0.03397481	 -0.01915746	 -0.03514424	 -0.05150793	  0.01319934
  0.07388725	  0.00397724	 -0.02854296	 -0.06094306	 -0.03885885	 -0.01372183	 -0.04972284	  0.03612526	 -0.00173985	  0.08483211	  0.01094486
  0.04668479	  0.05990283	  0.11663916	  0.07194159	  0.13696828	  0.13517294	  0.07042903	  0.10058742	  0.06273056	  0.04655526	 -0.00012953
 -0.04044505	  0.04882953	 -0.14543900	  0.02962304	  0.00139531	 -0.02095321	 -0.01605205	 -0.02096640	 -0.04054499	 -0.08620243	 -0.04575738
 -0.06462770	 -0.00883651	 -0.04124798	  0.04274109	  0.01823827	 -0.05296181	 -0.02330162	 -0.02384171	 -0.01311541	 -0.09237638	 -0.02774869
  0.07205335	  0.11675032	  0.07608524	 -0.02331329	  0.00624520	  0.04359680	 -0.00363014	 -0.00155731	 -0.00229380	  0.03710775	 -0.03494560
 -0.07281510	 -0.01081933	 -0.04910768	  0.01905411	 -0.00906482	  0.00577729	  0.01550309	 -0.02277867	  0.04969245	  0.03904908	  0.11186418
  0.10820000	  0.07612085	  0.04079218	  0.04330153	  0.06874825	  0.04182191	  0.07424213	  0.05841608	  0.05708038	  0.10040173	 -0.00779827
 -0.04689049	  0.02199656	 -0.01894504	  0.02351507	  0.02741313	 -0.06159390	 -0.03570833	 -0.16424232	 -0.07012728	 -0.08836152	 -0.04147104
 -0.07481313	 -0.01081406	  0.02726056	  0.05154067	  0.01074798	  0.00947973	  0.00159238	  0.01861319	 -0.00200750	 -0.05224848	  0.02256465
 -0.10139001	 -0.06997157	 -0.07610508	 -0.00484260	 -0.06185819	 -0.04151150	 -0.07103273	 -0.07564732	 -0.10906557	 -0.14204386	 -0.04065385
  0.02286252	  0.03528719	 -0.01864516	  0.05430373	  0.01190652	 -0.02189124	 -0.02472445	  0.00240100	  0.08695969	  0.03015269	  0.00729017
  0.04579929	 -0.07176054	  0.01551976	  0.01721595	 -0.00122668	  0.01192412	  0.03920191	  0.10521802	  0.07999175	  0.11411068	  0.06831140
 -0.13914757	 -0.00383387	 -0.05734566	 -0.06149930	 -0.04661824	 -0.05060450	 -0.06260916	 -0.06558584	 -0.15207664	 -0.09520953	  0.04393804
 -0.10311050	 -0.05630519	 -0.05579525	 -0.08391305	 -0.03780477	 -0.02073259	 -0.02634046	 -0.02602824	 -0.08077224	 -0.02993345	  0.07317705
  0.09697771	  0.05526449	  0.03542665	  0.10482705	  0.05751466	  0.04093767	  0.08244324	  0.03314749	  0.10265536	  0.10102465	  0.00404694
 -0.00419542	  0.02005725	  0.00232422	  0.02042208	  0.01062206	  0.01999687	  0.01130282	  0.01468086	  0.00312432	  0.02347886	  0.02767428
 -0.03061004	 -0.03050768	 -0.02452305	  0.00078347	 -0.01563154	 -0.01342008	 -0.01496620	 -0.02116613	 -0.01496901	 -0.02346495	  0.00714508
 -0.04174146	  0.00922425	  0.05593024	 -0.04327773	 -0.02028142	 -0.00180312	  0.00982771	 -0.00686671	 -0.01133031	 -0.00370993	  0.03803152
 -0.09002438	 -0.03871425	 -0.06405259	 -0.07110000	 -0.03528894	 -0.05834749	 -0.06054513	 -0.03994724	 -0.04944716	 -0.04109638	  0.04892800
 -0.05242721	 -0.02786764	 -0.05132983	 -0.07083266	 -0.10429699	 -0.05704962	 -0.07243997	 -0.10072721	 -0.15789911	 -0.14947801	 -0.09705080
  0.01038616	  0.02051877	 -0.01763923	  0.03158427	  0.02778425	 -0.03166835	  0.03259013	  0.04513166	  0.06945490	  0.04446226	  0.03407610
  0.06945564	  0.04131785	  0.06836762	  0.08245935	  0.08815519	  0.03882684	  0.06538653	  0.08299496	  0.11655513	  0.10387643	  0.03442078
 -0.03851517	  0.00991101	  0.03057978	  0.01010492	  0.02467537	  0.02954030	  0.04390315	  0.02294537	  0.00210349	  0.02911948	  0.06763465
 -0.00613818	 -0.03070957	 -0.00749091	 -0.01619128	 -0.00711782	  0.00526113	 -0.01816477	 -0.02338424	  0.02990222	 -0.01902066	 -0.01288248
 -0.04968350	 -0.00920240	  0.00563633	 -0.03709330	 -0.01589006	 -0.00052951	  0.00360445	  0.00347537	 -0.03714110	 -0.02566191	  0.02402159
 -0.00102409	  0.02539711	  0.02185780	  0.03276429	  0.04653810	  0.03297195	  0.06556492	  0.06887758	  0.07488877	  0.08882316	  0.08984726
 -0.10426249	 -0.04732556	 -0.03878909	 -0.05067321	 -0.05816234	 -0.04852428	 -0.05579684	 -0.01289633	 -0.03628847	 -0.04938226	  0.05488022
 -0.05398506	  0.00834443	 -0.02894583	 -0.00010648	 -0.00193329	 -0.00205328	 -0.00318159	  0.00483536	 -0.00792604	 -0.00186423	  0.05212083
 -0.07426878	 -0.07709648	 -0.09320506	 -0.05272118	 -0.05848772	 -0.05187410	 -0.04396428	 -0.04066490	 -0.10772400	 -0.08421396	 -0.00994518
 -0.06646179	 -0.08335784	 -0.07908839	 -0.08623188	 -0.01456327	 -0.08189916	 -0.09001783	 -0.09462182	 -0.08450363	 -0.12521025	 -0.05874847
  0.01893028	 -0.01379775	  0.01258318	  0.01951139	 -0.01177950	  0.03050717	  0.00489251	  0.00518627	 -0.02379229	  0.01723312	 -0.00169716
 -0.09239107	 -0.09667164	 -0.08520804	 -0.11033614	 -0.11657729	 -0.09607365	 -0.10706712	 -0.09316312	 -0.12952659	 -0.10961007	 -0.01721900
  0.09913360	  0.07936136	  0.06174138	  0.14089200	  0.02505698	  0.09423839	  0.08733618	  0.03087905	  0.08977115	  0.13654521	  0.03741160
  0.05648849	  0.06936142	  0.01409748	  0.05262465	  0.05615910	  0.03065027	  0.05706516	  0.06419214	  0.12363371	  0.08702826	  0.03053977
 -0.05427425	 -0.04371151	 -0.04622301	 -0.06706216	 -0.05242732	 -0.04142002	 -0.04512545	 -0.05686449	 -0.10368845	 -0.06698604	 -0.01271179
 -0.00994024	 -0.05683132	 -0.02331330	 -0.04665325	 -0.04408100	 -0.01640659	 -0.00949042	 -0.03004259	 -0.02341374	 -0.03647560	 -0.02653535
 -0.02746507	 -0.03403900	 -0.02901000	 -0.02699923	 -0.00464660	 -0.00414159	 -0.01082268	  0.00448795	 -0.01801056	 -0.01995817	  0.00750690
  0.01457360	  0.01483824	  0.02884280	 -0.01658277	  0.03628393	  0.01423157	  0.00279876	 -0.00322465	  0.00418268	  0.01504586	  0.00047226
  0.07581708	  0.07794521	  0.06459252	  0.10190455	  0.07102811	  0.09532441	  0.06376381	  0.06065654	  0.11282680	  0.11706452	  0.04124743
  0.04679827	  0.06310192	  0.03061228	  0.09220910	  0.03309402	  0.04366157	  0.07020026	  0.08447767	  0.05558041	  0.05807639	  0.01127813
  0.04265935	  0.00386116	  0.00595434	  0.01607782	  0.01281083	  0.00029917	  0.00818707	  0.00444958	  0.00645163	  0.03487907	 -0.00778027
 -0.01321231	  0.02242956	 -0.00748889	  0.01527690	  0.02809198	  0.01147461	  0.03749899	  0.06190270	  0.05479299	  0.05646777	  0.06968007
 -0.00478919	  0.02477989	  0.00118495	 -0.00084891	  0.03686345	  0.02983828	  0.03237557	  0.05489651	  0.02689697	  0.03456831	  0.03935750
 -0.02393201	 -0.02457145	  0.01160252	 -0.00329037	 -0.02079430	  0.00625269	 -0.01268598	 -0.02969998	 -0.00531191	 -0.03177859	 -0.00784658
  0.04473735	  0.04526279	  0.01635149	  0.05830510	  0.07688251	  0.04414272	  0.05657276	  0.10812636	  0.09603374	  0.06070887	  0.01597152
  0.02047652	  0.01301536	 -0.00225553	  0.01470068	 -0.01300095	  0.01224089	  0.01687368	  0.01987863	  0.01306397	  0.02475266	  0.00427615
  0.05107710	  0.03772843	  0.05730071	  0.05587888	  0.00119813	  0.05227652	  0.06809442	  0.02901776	  0.05204799	  0.04627430	 -0.00480280
  0.04789401	  0.02040188	  0.01914150	  0.01793168	  0.04180271	  0.01846335	  0.00974974	 -0.00296383	  0.01091688	 -0.00718622	 -0.05508023
  0.00408049	 -0.00848167	  0.04274145	  0.00827771	  0.00959859	  0.00355035	  0.02482112	  0.00400635	  0.02946191	  0.02914043	  0.02505994
 -0.02079595	 -0.02199727	 -0.01334133	 -0.02169457	 -0.02052643	  0.00328217	  0.00023354	 -0.01010659	 -0.00560884	  0.00066535	  0.02146130
 -0.00965342	 -0.01124262	 -0.02150029	 -0.00083346	 -0.01786281	 -0.03150594	 -0.02233851	 -0.02334754	 -0.01551247	 -0.02453980	 -0.01488638
  0.01978749	  0.00565935	 -0.00402342	  0.01355150	  0.00957675	  0.02933495	  0.00905154	  0.03031665	  0.01470112	  0.02867252	  0.00888503
  0.01271679	  0.00670223	 -0.00548814	  0.02121440	  0.03074304	  0.03786596	  0.01755677	  0.02020445	  0.02978007	  0.03228497	  0.01956818
 -0.09315691	 -0.04452773	 -0.02849946	 -0.02084270	 -0.02836106	 -0.05994370	 -0.02992458	 -0.04812981	 -0.00844162	 -0.03065394	  0.06250298
 -0.02893342	  0.00066627	  0.00779882	  0.01025822	  0.00194887	 -0.00374679	  0.01627854	 -0.01812162	  0.00899028	  0.02485680	  0.05379022
  0.03147008	 -0.01342299	  0.00814548	  0.00252504	  0.02442815	  0.01004738	  0.00944568	  0.01581264	  0.04668808	  0.03656381	  0.00509373
  0.01480060	  0.00781617	  0.00722397	  0.01986565	  0.01517389	  0.01986811	  0.01252349	  0.02310379	  0.00555635	  0.01924279	  0.00444219
  0.05448439	  0.02532526	  0.02854057	  0.04364726	  0.05385266	  0.02983513	  0.04057293	  0.04451843	  0.06265803	  0.06898169	  0.01449730
  0.05172171	  0.03608239	  0.03309864	  0.03842322	  0.04439686	  0.03810385	  0.03321343	  0.03069673	  0.01281205	  0.02026831	 -0.03145341
 -0.06278870	 -0.03629781	 -0.02941723	 -0.01914996	 -0.01327902	 -0.01332256	 -0.02881937	 -0.03157762	 -0.00495283	 -0.01907787	  0.04371083
  0.01920411	  0.00680401	 -0.00292291	  0.00414130	  0.01708575	  0.03664580	  0.01486315	  0.02613239	  0.05313290	  0.06713898	  0.04793487
 -0.01133494	  0.00290252	 -0.03494614	 -0.01323978	 -0.01807253	 -0.01629642	 -0.02438290	 -0.02383684	 -0.02123248	 -0.00998369	  0.00135125
  0.00581325	  0.00091216	 -0.04225859	 -0.01447177	 -0.01428441	 -0.01571653	 -0.03565080	 -0.04070260	 -0.03579286	 -0.04818748	 -0.05400074
  0.03364893	  0.03762751	  0.03413812	  0.03653335	  0.02688176	  0.02632225	  0.06216740	  0.04759335	  0.04128952	  0.04452716	  0.01087823
  0.00230905	  0.00680092	  0.01057208	  0.00712684	 -0.00330324	 -0.01043714	  0.01119936	 -0.00712242	  0.02593376	  0.04931057	  0.04700153
  0.03956298	  0.01734004	  0.06443407	  0.04646699	  0.03259354	  0.03286317	  0.04185183	  0.05778464	  0.04647321	  0.06611937	  0.02655639
 -0.01109830	 -0.00562066	 -0.02555343	 -0.01647951	 -0.00383743	 -0.00430963	 -0.02589966	 -0.00628909	  0.00404008	  0.01643022	  0.02752852
  0.00336541	 -0.00648231	  0.00680255	  0.00521412	  0.01625763	  0.00554580	  0.00230126	  0.01505926	  0.01670221	  0.03717306	  0.03380765
 -0.01381212	 -0.00835807	 -0.01303261	 -0.00844895	 -0.01891068	 -0.02734291	 -0.01242800	 -0.00631670	 -0.03023815	 -0.05759926	 -0.04378714
  0.03868530	  0.02003545	  0.04796104	  0.02790612	  0.04611763	  0.06261337	  0.03593313	  0.03740818	  0.02804698	  0.04620863	  0.00752334
  0.00683530	  0.00852424	 -0.00419212	 -0.00311173	  0.00444303	 -0.01946204	 -0.00835631	  0.01561385	  0.00405669	  0.01103197	  0.00419666
  0.04534893	  0.04214354	  0.03257100	  0.01176243	  0.00949347	  0.01532298	  0.05473031	  0.01507617	  0.08245600	  0.07305570	  0.02770677
  0.01526636	  0.01256301	  0.01293204	 -0.00277798	  0.00861624	  0.00520492	 -0.01167225	 -0.00376937	  0.00001766	 -0.01373296	 -0.02899931
  0.02267627	 -0.00198237	  0.00970628	  0.01001346	  0.00326169	  0.01835080	  0.01458590	  0.03023214	  0.05222870	  0.02642794	  0.00375167
 -0.00465981	  0.01299178	 -0.01485540	 -0.00161440	  0.01219367	  0.01223035	  0.03057028	  0.01511986	  0.00939414	  0.01164880	  0.01630861
 -0.05691564	 -0.03797360	 -0.02603898	 -0.03598626	 -0.03006718	 -0.02762663	 -0.03021426	 -0.02220510	 -0.03630483	 -0.04511619	  0.01179945
 -0.01502481	  0.00465016	  0.00269947	  0.00581198	 -0.00759123	  0.00293621	 -0.00835906	  0.00463159	  0.00887189	  0.00317209	  0.01819689
 -0.06313526	  0.00411765	  0.00657631	  0.00003351	  0.01674279	  0.00490477	  0.00549448	  0.00726126	 -0.02657065	 -0.04017725	  0.02295802
  0.05824759	  0.04063593	  0.01573847	  0.03909946	  0.00688195	  0.03001972	  0.01260422	  0.01731878	  0.02814155	  0.02075152	 -0.03749606
  0.01592825	  0.02760822	  0.03172363	  0.03997872	  0.02451694	  0.02570078	  0.01430595	  0.01006477	  0.01688380	  0.00511979	 -0.01080846
  0.01215839	  0.01826327	  0.02878296	  0.02978242	  0.04256331	  0.03350480	  0.04054417	  0.02440497	  0.04415646	  0.05657689	  0.04441850
  0.01534164	  0.01007488	 -0.00469584	  0.01140867	  0.01704548	  0.01134125	  0.03313950	  0.03118104	  0.05008874	  0.04195915	  0.02661751
  0.00771988	  0.01635818	  0.02342867	  0.01624344	  0.01509505	  0.00684267	  0.00653802	  0.02371465	 -0.00260424	 -0.01750812	 -0.02522800
  0.02420841	  0.01573594	  0.01804134	  0.02244223	  0.01451162	 -0.00128475	  0.03250991	  0.01355100	  0.01125788	  0.03542334	  0.01121493
 -0.01943527	 -0.01958932	 -0.01497829	 -0.01428651	 -0.02019018	 -0.01407442	 -0.01421148	 -0.01414427	 -0.01235049	  0.01468706	  0.03412233
  0.01008060	  0.00177228	 -0.00019804	  0.01081827	  0.00166337	  0.02247899	  0.00295894	  0.01635911	  0.02207288	  0.02927473	  0.01919413
  0.03032820	  0.06083603	  0.04153275	  0.02095438	  0.04442953	  0.04708620	  0.04118224	  0.04932763	  0.04080094	  0.04162521	  0.01129701
  0.05540429	  0.03892991	  0.02595399	  0.02625439	  0.02448548	  0.04898046	  0.02945678	  0.04552011	  0.04008096	  0.07284625	  0.01744196
 -0.03709321	 -0.02558693	 -0.02864641	 -0.02056495	 -0.02381261	 -0.01029119	 -0.01605781	 -0.00803627	  0.00610917	 -0.00801603	  0.02907718
 -0.04484115	 -0.03186509	 -0.06518874	 -0.04805753	 -0.03671180	 -0.02452336	 -0.01624429	 -0.02668432	 -0.01309322	 -0.01552219	  0.02931896
  0.01539541	  0.01792318	  0.00415268	  0.02095818	  0.02423865	  0.01024817	  0.02618871	  0.00965658	  0.00274190	  0.01163803	 -0.00375737
  0.01770523	  0.02149431	  0.02063681	  0.02574997	  0.02920906	  0.04906603	  0.02875992	  0.04561170	  0.05281840	  0.04846320	  0.03075797
  0.01158769	  0.03162858	  0.00558386	  0.00447699	  0.03312919	  0.01250396	  0.01467825	  0.00693039	  0.02101777	  0.07101244	  0.05942475
 -0.05549360	 -0.03668489	 -0.04664407	 -0.04032473	 -0.05105867	 -0.04598949	 -0.02863848	 -0.05685203	 -0.03947627	 -0.04653063	  0.00896297
 -0.02168816	 -0.02641504	 -0.02759046	 -0.00932202	 -0.00050021	  0.00659107	 -0.00833248	 -0.00382573	 -0.01174782	  0.03796745	  0.05965561
 -0.02466358	 -0.03429476	 -0.03324557	 -0.07786372	 -0.03284843	 -0.03421326	 -0.07537595	 -0.05605630	 -0.07866619	 -0.15243156	 -0.12776798
 -0.04600378	 -0.03757473	 -0.06083476	 -0.02603788	 -0.04217418	 -0.03855511	 -0.02877085	  0.00863419	  0.00437062	 -0.04181943	  0.00418435
 -0.03673422	 -0.00169942	 -0.02426125	 -0.02596391	  0.00452092	  0.03247885	 -0.01207972	  0.01049227	 -0.00873176	  0.02454720	  0.06128142
  0.02265834	  0.02810530	  0.05043029	  0.03369689	  0.03488942	  0.00996819	  0.04744613	  0.05575965	  0.08217508	  0.12469191	  0.10203357
  0.01083980	  0.04189827	 -0.02251230	  0.01691699	  0.00845145	  0.01915431	  0.00252210	  0.04344101	  0.05971914	  0.07872076	  0.06788095
 -0.11957366	 -0.09056413	 -0.11830505	 -0.09368533	 -0.08614357	 -0.07926067	 -0.06943803	 -0.06729408	 -0.05780634	 -0.06793387	  0.05163979
  0.02043564	  0.03951575	  0.06263576	 -0.01277261	  0.03411683	  0.02185464	 -0.02322018	 -0.02728014	 -0.06784255	 -0.05592518	 -0.07636082
  0.01483574	  0.02519135	  0.02574685	  0.02393291	  0.01384962	  0.02088012	  0.01809852	  0.00666514	  0.00606735	  0.02787377	  0.01303803
 -0.09944306	 -0.06445425	 -0.04438927	 -0.07314804	 -0.04376663	 -0.06546617	 -0.08659778	 -0.11212751	 -0.15617348	 -0.21795315	 -0.11851009
 -0.14829113	 -0.15006297	 -0.14612942	 -0.16174089	 -0.17255750	 -0.14989448	 -0.16889744	 -0.17475804	 -0.22129868	 -0.22073181	 -0.07244069
 -0.07482698	 -0.09328396	 -0.09620157	 -0.06512074	 -0.09022947	 -0.08497962	 -0.03958496	 -0.04782745	 -0.08778891	 -0.13589522	 -0.06106824
  0.07067081	  0.02852599	  0.01272828	  0.02652636	  0.02465090	  0.02436831	  0.01279611	 -0.00246194	 -0.00753874	 -0.00849088	 -0.07916169
 -0.11942215	 -0.15802000	 -0.08691803	 -0.08542260	 -0.08576647	 -0.08642870	 -0.08278596	 -0.05572380	 -0.04479653	 -0.01990142	  0.09952073
 -0.14818528	 -0.14152311	 -0.08597849	 -0.10781721	 -0.08036196	 -0.08100134	 -0.08791397	 -0.08855557	 -0.14423446	 -0.10168196	  0.04650332
  0.13794898	  0.12211950	  0.08442236	  0.09158907	  0.07222495	  0.10611708	  0.09407965	  0.05953743	  0.08253743	  0.08739640	 -0.05055258
  0.15562212	  0.11348071	  0.05968769	  0.08840076	  0.07954413	  0.12892136	  0.11655512	  0.05117304	  0.11056745	  0.14306233	 -0.01255978
  0.08560501	  0.09759449	  0.02297789	  0.04158478	  0.03348840	  0.03706549	  0.02297094	  0.03249744	  0.05908355	  0.11602302	  0.03041801
 -0.02403236	  0.00562293	  0.02727768	  0.01887595	 -0.00462265	  0.01841381	  0.01231798	  0.00558364	 -0.00918196	 -0.03709454	 -0.01306218
  0.10096170	  0.06865123	  0.07973112	  0.07786048	  0.08240807	  0.07985673	  0.06430286	  0.06304917	  0.07575078	  0.09642859	 -0.00453311
  0.07385811	  0.07619019	  0.01016343	  0.02374061	  0.04497836	  0.03151892	  0.02159607	  0.01984524	  0.03508013	  0.01933147	 -0.05452664
  0.01943211	  0.02385640	  0.03215217	  0.05054717	  0.01696488	  0.02708722	  0.03516341	  0.02781579	  0.05389837	  0.08922934	  0.06979724
 -0.06595751	 -0.04311942	 -0.00920367	 -0.01784265	 -0.02502182	 -0.04872118	 -0.02344468	 -0.00679900	 -0.01284099	 -0.00776068	  0.05819682
  0.03886586	  0.06767013	  0.06065554	  0.05860759	  0.05955738	  0.06054122	  0.06722790	  0.05655118	  0.04338767	  0.04007049	  0.00120462
  0.02293022	  0.00356987	  0.02781936	  0.02411978	  0.01553018	  0.02882997	  0.02883884	 -0.00352659	  0.04345329	  0.04894813	  0.02601791
 -0.02627994	 -0.01527616	 -0.00989820	 -0.02664230	 -0.04183669	 -0.04844710	 -0.04673524	 -0.04617099	 -0.05393302	 -0.03861375	 -0.01233381
  0.05215558	  0.03104071	  0.02063105	  0.03063861	  0.03411505	  0.02940455	  0.03657436	  0.03482251	  0.03384745	  0.05279693	  0.00064134
  0.09621347	  0.08854631	  0.04401688	  0.03716639	  0.07651804	  0.06084367	  0.06428138	  0.06165894	  0.06880578	  0.03496603	 -0.06124744
  0.02055074	  0.02252325	  0.00981789	  0.00964792	  0.02116044	  0.01208673	  0.00663006	  0.03182290	  0.04321227	  0.01976166	 -0.00078908
 -0.08173803	 -0.09113541	 -0.08070541	 -0.06781247	 -0.08402744	 -0.06686933	 -0.07712426	 -0.06980645	 -0.08328323	 -0.11117763	 -0.02943960
 -0.09270248	 -0.09093627	 -0.04800818	 -0.04158077	 -0.06616848	 -0.05861089	 -0.04859073	 -0.04222241	 -0.06468073	 -0.08081530	  0.01188718
  0.07676643	  0.04172499	  0.07019491	  0.05197091	  0.07558294	  0.06632414	  0.08579900	  0.06691090	  0.09615925	  0.11077876	  0.03401233
 -0.07850401	 -0.07846962	 -0.03191678	 -0.03778480	 -0.06431005	 -0.05022810	 -0.05068258	 -0.02750603	 -0.05301108	 -0.03550921	  0.04299480
  0.10501390	  0.10006369	  0.10017341	  0.07037901	  0.09976641	  0.09104588	  0.09724700	  0.09093318	  0.10477032	  0.12760817	  0.02259427
  0.02905765	  0.00713010	  0.04416190	  0.04075630	  0.02640157	  0.05600292	  0.04549277	  0.03825289	  0.04375066	  0.05415450	  0.02509685
  0.01517975	  0.01209328	 -0.02214739	 -0.01334361	 -0.00537543	  0.00404897	 -0.00589147	  0.03221457	  0.02005141	  0.03705024	  0.02187049
  0.09349121	  0.09133918	  0.06341327	  0.05378037	  0.06681855	  0.05565844	  0.06582292	  0.05544588	  0.09381416	  0.11598343	  0.02249222
  0.01724039	  0.02441847	  0.02162189	  0.01602766	  0.01205442	  0.00865077	  0.04765242	  0.01023421	  0.02584305	  0.02636711	  0.00912671
  0.04257083	  0.03549351	  0.02245492	  0.03640480	  0.01874562	  0.03761039	  0.03668271	  0.04552596	  0.03847268	  0.04891976	  0.00634893
  0.00163049	  0.00606460	 -0.00032384	 -0.00092724	 -0.00822249	  0.00055955	  0.00204684	  0.02403831	  0.01940888	  0.01499764	  0.01336715
  0.04102142	  0.01058932	  0.02449147	  0.03321893	  0.04093837	  0.03331721	  0.03341358	  0.02225243	  0.01260286	  0.00915096	 -0.03187047
 -0.02447075	 -0.00872775	 -0.00589034	 -0.00028312	  0.00644711	 -0.01496073	 -0.01745080	 -0.02329757	 -0.03094438	 -0.03607921	 -0.01160846
 -0.01848957	 -0.01254048	 -0.00890327	 -0.02290381	 -0.01833380	 -0.01496694	 -0.02337371	 -0.02012619	 -0.00559168	 -0.02842835	 -0.00993878
 -0.00985209	 -0.03171704	 -0.01811204	 -0.02363392	 -0.02959083	 -0.03536566	  0.00347982	 -0.03607614	 -0.02282093	 -0.01126386	 -0.00141177
 -0.08285105	 -0.07033496	 -0.05949118	 -0.04644747	 -0.02968833	 -0.05474575	 -0.04731031	 -0.04898837	 -0.08521915	 -0.12666607	 -0.04381501
 -0.11709162	 -0.07242242	 -0.06183711	 -0.06322648	 -0.04734829	 -0.04797113	 -0.04824236	 -0.08246892	 -0.13494274	 -0.16979228	 -0.05270066
  0.12921471	  0.11169006	  0.09897892	  0.09550551	  0.09721109	  0.10121666	  0.09992176	  0.11771412	  0.16111286	  0.21582026	  0.08660555
 -0.05472716	 -0.00999042	 -0.01420534	  0.01263123	  0.00897039	 -0.00114877	  0.00327099	 -0.00337326	  0.00404244	 -0.00539905	  0.04932811
 -0.00810284	  0.01823398	 -0.00757584	  0.02408939	  0.01304887	  0.02457039	  0.02156110	  0.01188322	 -0.01374543	 -0.04215273	 -0.03404990
  0.10526443	  0.06660486	  0.04931474	  0.05409322	  0.02829749	  0.05195262	  0.03236793	  0.03952371	  0.07172321	  0.08496095	 -0.02030348
  0.04304090	  0.03581779	  0.04455485	  0.03402566	  0.02819767	  0.02709355	  0.02557706	  0.07470951	  0.06584680	  0.06149082	  0.01844992
  0.07118111	  0.04678276	  0.04602405	  0.02617661	  0.03541046	  0.02086360	  0.02671907	  0.02482498	  0.00316645	  0.00392440	 -0.06725671
 -0.01158588	 -0.01583946	 -0.01785688	 -0.00078942	 -0.00710082	 -0.00137993	 -0.01242926	 -0.00102885	 -0.00175749	 -0.02053084	 -0.00894496
 -0.11669610	 -0.05672453	 -0.07323024	 -0.04670444	 -0.05068462	 -0.06630274	 -0.04019477	 -0.04426839	 -0.08875311	 -0.11395576	  0.00274035
  0.04525678	  0.02862839	  0.04340781	  0.04379638	  0.02352755	  0.04230480	  0.05710725	  0.03589752	  0.02980499	  0.03972930	 -0.00552748
 -0.01499481	  0.00813811	  0.01112537	 -0.00478463	  0.01643586	  0.00436549	  0.01162376	  0.02819510	 -0.00010248	 -0.01144736	  0.00354745
  0.06071727	  0.02813701	  0.03849041	  0.02175315	  0.01813091	  0.00540783	  0.01616422	  0.03313323	  0.01711987	  0.05483134	 -0.00588594
  0.03716110	  0.03257790	  0.03595125	  0.01908888	  0.02252551	  0.00864341	  0.03841523	  0.01981372	  0.02637292	  0.01964550	 -0.01751560
 -0.01506107	 -0.02379976	 -0.01517775	 -0.01061391	 -0.01501359	 -0.00231762	 -0.01256922	 -0.04587602	  0.01446400	 -0.02651889	 -0.01145782
  0.02161162	  0.00275541	  0.00923453	  0.00869140	  0.01989082	 -0.00341979	 -0.00304916	 -0.00432988	  0.01249827	  0.00555425	 -0.01605738
  0.02977159	  0.02603401	  0.03397668	  0.01281808	  0.00584596	  0.01158323	 -0.00204795	 -0.01748663	  0.02892640	  0.04204299	  0.01227140
  0.08397462	  0.08146561	  0.05569970	  0.05579742	  0.05719146	  0.07113037	  0.05203562	  0.00904560	  0.06037463	  0.06036333	 -0.02361129
  0.00107026	  0.01522411	  0.01126199	  0.01785596	  0.02439079	  0.01582901	  0.01467586	  0.00363783	  0.01654059	 -0.01071070	 -0.01178096
  0.04683380	  0.03028372	  0.03890971	  0.04806358	  0.05079494	  0.04983233	  0.02841610	  0.03117175	  0.02588818	  0.05650346	  0.00966966
  0.01205361	  0.02088350	  0.01005151	  0.03237513	  0.01533983	  0.02257428	  0.01103367	  0.01712065	  0.00738315	 -0.02048749	 -0.03254110
  0.05697219	  0.06101183	  0.03025186	  0.04301688	  0.02844832	  0.01171542	  0.01576416	  0.01359687	  0.00743266	  0.06080495	  0.00383275
  0.00475585	 -0.01741352	 -0.02004012	 -0.02318844	 -0.00652194	 -0.00501295	 -0.00177040	 -0.03188050	  0.00582857	 -0.01138697	 -0.01614282
  0.06673615	  0.06417397	  0.04563544	  0.05736181	  0.05504524	  0.03771041	  0.05097613	  0.07343748	  0.05627491	  0.07389583	  0.00715968
 -0.03152179	 -0.04175542	 -0.03106723	 -0.02083014	 -0.03771914	 -0.03570785	 -0.03671574	 -0.00813779	 -0.01650076	 -0.01927335	  0.01224844
  0.07148642	  0.05011588	  0.03025456	  0.03198205	  0.03729209	  0.04280419	  0.02133897	  0.02049142	  0.04810472	  0.05436477	 -0.01712165
  0.05854993	  0.02606550	  0.04118446	  0.03974373	  0.04596469	  0.05275693	  0.04021235	  0.04321678	  0.05103595	  0.03687745	 -0.02167248
  0.05308928	  0.05822486	  0.03485508	  0.04756297	  0.02165934	  0.02163291	  0.03346401	  0.02743270	  0.01484356	  0.03070348	 -0.02238580
  0.03004927	  0.02910902	  0.03895729	  0.02357584	  0.01215563	  0.02592001	  0.02355244	  0.02360066	  0.02070664	  0.02754994	 -0.00249933
 -0.03986812	 -0.04484787	 -0.02556682	 -0.05565503	 -0.03271324	 -0.03668131	 -0.02113561	 -0.03885909	 -0.03570872	 -0.00998902	  0.02987910
  0.05838995	  0.05996994	  0.06512186	  0.04877235	  0.04130330	  0.04344130	  0.04053349	  0.03272318	  0.04338860	  0.04979223	 -0.00859772
 -0.00953688	 -0.00748730	 -0.00067807	  0.01139785	  0.02118093	  0.00146361	  0.02648457	  0.01943081	 -0.00668009	  0.01422147	  0.02375835
 -0.00128937	 -0.01768956	  0.00101871	  0.01450733	 -0.00916776	  0.00468616	 -0.00424143	  0.01308361	  0.01302696	 -0.04967504	 -0.04838567
  0.02534381	  0.02787533	  0.02744258	  0.02871246	  0.01383008	  0.02323703	  0.01921858	  0.01465219	  0.00602239	  0.02626714	  0.00092334
  0.03333234	  0.03633773	  0.02551503	  0.02081893	  0.02772919	  0.02293360	  0.02990865	  0.00433037	  0.02337919	  0.04479018	  0.01145784
 -0.04038073	 -0.02879856	 -0.02368310	 -0.01080853	 -0.01503476	 -0.02538567	 -0.01887504	 -0.01310256	 -0.01365146	 -0.04598031	 -0.00559958
  0.03365638	  0.05411506	  0.05024606	  0.04292484	  0.03887302	  0.03344238	  0.03579613	  0.04325576	  0.04927356	  0.03652411	  0.00286773
 -0.05383744	 -0.02862769	 -0.02225455	 -0.02175170	 -0.01259513	 -0.02615316	 -0.00428358	 -0.01142584	 -0.01070548	 -0.03748261	  0.01635483
  0.01620208	  0.02698791	  0.01926121	  0.03223459	  0.03298469	  0.02808323	  0.02510196	  0.02798093	  0.01859700	  0.05586628	  0.03966420
  0.04070743	  0.01881746	  0.03683231	  0.04851409	  0.01146814	  0.01200808	  0.03242300	  0.02593873	  0.02142578	  0.02309578	 -0.01761166
 -0.00359580	  0.01355453	  0.00782763	 -0.01228727	  0.00193631	  0.01877962	 -0.00061661	 -0.01317562	 -0.01356825	  0.02008725	  0.02368306
 -0.02888777	 -0.03789517	 -0.04364086	 -0.01207702	 -0.03633839	 -0.03624482	 -0.02967946	 -0.01158048	 -0.03909936	 -0.04675016	 -0.01786240
  0.08517396	  0.07991588	  0.07321604	  0.07069259	  0.06244522	  0.05032736	  0.03772440	  0.04705411	  0.05688668	  0.06951512	 -0.01565885
 -0.01460651	 -0.01113278	 -0.01817959	 -0.02274657	 -0.01429472	 -0.00873193	 -0.01515982	 -0.00081751	 -0.00828859	 -0.01181503	  0.00279148
  0.00117525	  0.00262250	  0.01083180	  0.00004035	  0.01813119	  0.01162699	 -0.00042037	 -0.00218814	  0.02733423	  0.00490593	  0.00373068
  0.00857976	  0.01955115	  0.01109861	  0.01691599	  0.01159611	  0.00151204	  0.01619329	  0.01782593	  0.02314753	  0.04223769	  0.03365793
 -0.01782103	 -0.02747073	 -0.01690762	 -0.02008190	 -0.01932928	 -0.02156097	 -0.01369963	 -0.01879699	  0.00686402	 -0.00237528	  0.01544575
  0.01934679	  0.00267209	 -0.01347799	  0.01064009	  0.01720571	  0.01353278	  0.03296513	  0.02562796	  0.01349308	  0.02892007	  0.00957328
 -0.07034461	 -0.04772706	 -0.06746934	 -0.06538719	 -0.05231924	 -0.05377322	 -0.05260556	 -0.07188876	 -0.07117987	 -0.06887652	  0.00146809
 -0.06350635	 -0.03798501	 -0.02437393	 -0.01855210	 -0.02170149	 -0.02066766	 -0.01219899	 -0.04714994	 -0.03670181	 -0.05786327	  0.00564307
  0.08510474	  0.08715929	  0.08076441	  0.08409816	  0.08004323	  0.07563877	  0.07685491	  0.06232330	  0.08821525	  0.02349572	 -0.06160902
  0.00075870	  0.00071059	  0.01005224	  0.00509201	  0.00563021	  0.00205713	  0.00278528	 -0.00213214	  0.01889398	  0.03779365	  0.03703496
 -0.02828854	 -0.02881572	 -0.04547429	 -0.04656056	 -0.00974142	 -0.00659018	  0.00642607	 -0.02240680	 -0.01745962	 -0.03229303	 -0.00400450
 -0.07666176	 -0.05940907	 -0.05080016	 -0.06143783	 -0.06852227	 -0.04198762	 -0.04593112	 -0.03267088	 -0.08616121	 -0.11824160	 -0.04157984
  0.01462743	  0.01209364	  0.01338030	 -0.00587211	 -0.00762338	 -0.00756725	  0.01068009	 -0.00662638	  0.00285155	 -0.00884261	 -0.02347005
  0.09333451	  0.07476032	  0.06735702	  0.07051732	  0.07957397	  0.05516803	  0.07281748	  0.06518347	  0.07491850	  0.07571299	 -0.01762153
  0.00353047	 -0.00775197	  0.01474300	  0.01165212	  0.02987765	  0.01770456	 -0.01869372	  0.00925699	  0.00366178	  0.02305509	  0.01952463
  0.03562426	  0.01473586	  0.01295879	  0.01372846	  0.00868350	  0.01610419	  0.03036980	  0.02717783	  0.00994533	  0.02951941	 -0.00610485
 -0.01587778	 -0.00451947	  0.00604722	 -0.01296087	 -0.00740142	  0.01045664	  0.00356510	  0.02044070	 -0.01406886	  0.00436192	  0.02023970
  0.06751702	  0.03685852	  0.03695280	  0.02925834	  0.04036188	  0.02390030	  0.03141802	  0.04019651	  0.05627257	  0.05442409	 -0.01309293
 -0.00425581	  0.00342378	  0.00189784	  0.02008397	  0.00837833	  0.00398634	  0.00399807	 -0.01011577	 -0.00617321	  0.00316990	  0.00742570
  0.00709292	 -0.00996556	 -0.00342420	 -0.01444981	  0.00124965	 -0.01536412	  0.01517798	  0.01307654	  0.01746659	  0.03096316	  0.02387024
 -0.04378642	 -0.01314083	 -0.01835309	 -0.00220793	 -0.01320946	 -0.01591822	 -0.01870337	 -0.02518041	 -0.03580875	 -0.05402287	 -0.01023646
  0.06181221	  0.05381170	  0.04974685	  0.07727323	  0.05679788	  0.04389163	  0.03483827	  0.03098402	  0.04634917	  0.08367626	  0.02186405
  0.02638249	  0.01029310	  0.00657684	  0.02906352	  0.01441637	  0.02270505	  0.03128755	  0.02568926	  0.00901035	 -0.00067287	 -0.02705536
  0.03342913	  0.02221441	  0.02077925	  0.02243043	  0.00799842	  0.02660305	 -0.00323144	  0.01879381	  0.00029218	  0.04109534	  0.00766621
  0.04077981	  0.03969352	  0.03877363	  0.04547533	  0.04058346	  0.03568210	  0.03418150	  0.02914972	  0.02928720	 -0.00790999	 -0.04868980
  0.02663052	  0.00480487	  0.00048016	  0.00788573	 -0.00278494	  0.00232586	 -0.00476035	 -0.01231451	 -0.00560618	 -0.01051746	 -0.03714798
  0.01769772	  0.01146305	  0.01818163	  0.00761222	  0.00484575	  0.00719548	  0.00108807	  0.01512491	  0.02385083	 -0.00008133	 -0.01777905
  0.01946061	  0.01964035	  0.00428318	  0.02238208	  0.02064673	  0.00502923	  0.01062095	 -0.00051153	 -0.02967134	 -0.00561112	 -0.02507173
 -0.00212799	  0.00454913	  0.01928467	 -0.00608938	  0.02431922	  0.00780403	  0.00816603	  0.01767343	  0.01667230	  0.00425134	  0.00637933
  0.01999048	  0.01782937	  0.01014989	  0.01902416	  0.02119066	  0.02560569	 -0.00250294	  0.01887443	  0.02755409	  0.03247202	  0.01248154
  0.01551560	  0.00120466	  0.00620249	  0.01805836	 -0.00498141	 -0.01161812	 -0.00092408	 -0.00648708	  0.00222146	 -0.00788058	 -0.02339617
  0.04206143	  0.03018028	  0.04310116	  0.00398109	  0.02365322	  0.02540410	  0.02514318	  0.04420320	  0.02492394	  0.03945761	 -0.00260382
  0.03276206	  0.04159955	  0.04935578	  0.03043305	  0.00778794	  0.03310981	  0.01278062	 -0.01095107	 -0.01470954	 -0.00483891	 -0.03760097
  0.02178426	  0.05554397	  0.04080185	  0.02892621	  0.03072372	  0.03894628	  0.03687938	  0.02534028	  0.02745157	  0.02987892	  0.00809466
  0.00668969	  0.00470710	  0.01090583	  0.00975682	  0.01292835	  0.01700436	 -0.00095841	  0.01320343	  0.00814709	  0.04610050	  0.03941081
  0.08117595	  0.05225618	  0.03710143	  0.04715592	  0.04956596	  0.03699893	  0.05045356	  0.05826692	  0.06993901	  0.06661524	 -0.01456072
 -0.06494687	 -0.03896279	 -0.00187171	 -0.04578982	 -0.04354772	 -0.04952783	 -0.04774387	 -0.02964580	 -0.02960540	 -0.04161021	  0.02333666
 -0.01445848	 -0.01681747	 -0.02674720	 -0.01872548	 -0.03754359	 -0.01351777	 -0.02068169	  0.00366238	 -0.00614263	 -0.00983514	  0.00462334
 -0.02122663	  0.00864073	 -0.00993711	  0.00191848	 -0.00718184	  0.01354424	  0.02019587	  0.00411607	  0.00694342	  0.00965778	  0.03088440
  0.01737394	  0.02371038	  0.05330645	  0.01920543	  0.01635227	  0.01423135	  0.01592964	  0.03344597	  0.02755156	  0.05726915	  0.03989521
  0.00334871	  0.01140526	 -0.01439030	  0.00621867	  0.00725439	  0.00339202	  0.00300414	  0.01902287	  0.00794731	  0.00069244	 -0.00265626
  0.02416508	  0.01857849	  0.03954652	  0.04807268	  0.04205736	  0.02990172	  0.03656399	  0.01532684	  0.03253507	  0.02249819	 -0.00166688
  0.05598409	  0.04394292	  0.07719580	  0.03468964	  0.01522414	  0.01762014	  0.00914569	  0.02591753	  0.03109180	  0.03751733	 -0.01846675
 -0.01117905	 -0.00062359	 -0.00276002	  0.01085740	 -0.00722303	 -0.00288528	  0.01473903	  0.01386933	  0.03281709	 -0.00716144	  0.00401761
 -0.09801753	 -0.10708158	 -0.05197515	 -0.03186798	 -0.03962232	 -0.06438072	 -0.07147790	 -0.10202247	 -0.10693250	 -0.10885924	 -0.01084171
 -0.02991541	  0.00569292	 -0.03909598	  0.04620849	  0.02162350	  0.03539060	  0.02926896	  0.00772541	  0.04819478	  0.00166550	  0.03158090
 -0.09641447	 -0.08542159	 -0.09643468	 -0.07349190	 -0.10849412	 -0.10465072	 -0.09891618	 -0.09081637	 -0.08918890	 -0.10033460	 -0.00392013
