%    Value-Weight Dollar Returns      All 4 Data Items Not Reqd
%               -- BE/ME --   --- E/P ---   --- CE/P --   ------  Yld  -----
%         Mkt   High    Low   High    Low   High    Low   High    Low   Zero
197501  54.90  52.61  53.42  53.92  54.01  57.33  53.27  47.74  56.51 -99.99
197502  26.70  33.95  24.03  27.28  25.61  26.58  25.34  27.97  27.11 -99.99
197503  -7.44  -7.77  -4.45 -10.69  -5.23  -9.99  -7.48  -9.03  -6.65 -99.99
197504  15.46  14.96  16.95  15.57  17.48  15.94  12.69  10.68  15.58 -99.99
197505   3.46  -3.06   2.24   7.58   1.40   9.54   2.84  -0.11   0.98 -99.99
197506 -15.25 -17.92 -17.38 -10.91 -20.49 -10.67 -17.62 -10.37 -16.81 -99.99
197507  -4.75  -6.65  -3.79  -5.09  -3.57  -5.07  -4.34  -2.51  -5.53 -99.99
197508  12.82  13.72  12.98  12.12  14.31  12.70  12.59  10.72  12.17 -99.99
197509  -1.26   0.66  -1.65  -1.04  -1.10  -0.30  -1.42  -0.55  -1.96 -99.99
197510   5.97   5.36   3.87   7.06   3.80   7.61   4.26   7.95   4.16 -99.99
197511  -2.00  -0.16  -3.76  -1.97  -3.13  -0.33  -2.02   0.07  -1.96 -99.99
197512   4.63   6.76   3.43   5.52   3.58   5.27   4.42   5.92   4.57 -99.99
197601   9.71  15.19   8.35   9.99   8.22  11.23   6.98  11.61   6.77  38.23
197602  -3.07  -3.92  -3.67  -2.25  -3.37  -1.48  -2.09  -5.12  -2.78  -2.66
197603  -6.23 -10.43  -6.57  -4.25  -5.98  -2.55  -6.45  -8.19  -5.13 -27.69
197604   0.44  -1.12  -0.86   1.29  -0.16   1.48   0.66   0.33   1.93  -4.67
197605 -10.19 -11.18 -11.40  -9.77  -9.85 -10.46  -8.67 -11.91  -8.94  -5.57
197606   0.05   1.19   0.59   0.36   0.04   0.17   0.03   1.05  -1.36  10.02
197607  -2.68  -2.33  -1.48  -3.52  -2.25  -1.84  -2.69  -0.68  -3.43   0.41
197608  -5.01  -3.00  -4.70  -6.21  -3.92  -6.17  -4.91  -4.21  -6.08 -16.61
197609 -10.39 -12.16 -12.53  -8.87 -10.33 -10.63  -8.77 -11.34  -7.97 -16.01
197610 -13.61 -17.98 -14.96 -13.02 -11.22 -14.09 -10.27 -17.65  -8.80 -25.33
197611   9.95   8.45  10.11   9.14  11.46   9.46  12.47   8.37  11.62  23.20
197612  22.70  25.62  23.30  21.71  21.32  23.18  21.76  20.30  21.65  18.98
197701  10.29  13.73   8.65   9.46  10.92  11.89  10.05  17.00   8.70  61.94
197702   2.49   1.52   2.51   3.09   3.72   0.73   2.78   4.24   2.51   1.14
197703   4.00   5.40   2.35   5.32   1.51   8.43   2.84   4.13   2.54  -2.01
197704   3.18   0.61   5.10   0.65   4.99   2.28   6.72   3.31   6.05  19.19
197705   3.11   3.48   2.34   4.48   2.68   3.53   1.67   2.42   2.05   1.15
197706   3.43   3.13   4.64   2.04   2.62   3.14   3.47   2.46   4.63  -9.86
197707  -1.38  -1.77  -1.18  -0.13  -1.78  -3.03  -0.07  -2.17  -1.28  -6.25
197708  12.44  10.51  13.30  12.04  12.37  14.43  13.80  13.47  12.16  12.79
197709   8.72  12.93   7.62   8.37   8.07   6.15   7.05   8.96   5.75  -0.19
197710   1.97   0.64   1.71   1.38   2.39   2.70   3.54   3.44   1.88  -2.97
197711  -5.21  -2.89  -5.67  -3.18  -5.12  -8.19  -4.82  -6.78  -4.87  -9.97
197712   7.34   8.68   6.00   9.56   7.30   6.52   6.78   9.40   5.48   4.37
197801  -2.53  -0.81  -3.68  -1.80  -4.03  -1.43  -4.12   1.33  -4.00   4.14
197802  -5.19  -4.32  -6.38  -2.74  -7.24  -2.95  -6.58  -3.75  -7.02 -15.97
197803   2.64   1.88   2.46   2.57   3.10   2.54   3.09   1.96   2.80  -0.98
197804   0.18   0.67  -0.94   1.49  -0.39   1.14   0.08  -0.93  -0.04   6.22
197805   4.15   3.97   2.52   3.51   3.61   4.71   3.77   4.85   4.55  28.91
197806  -0.53  -3.06   0.76  -0.47  -0.37  -1.36   1.25  -0.69   0.66  -8.46
197807  10.37  10.29  12.20   8.21  11.59  10.05  12.34  10.05  10.44  12.79
197808   3.82   3.41   4.29   4.08   2.59   2.59   3.79   4.01   4.80  17.17
197809   1.45   0.61   1.47   0.61   1.72   1.78   3.31   2.17   2.97  -5.28
197810   2.36   4.36   1.14   3.58   1.78   2.47   1.43   1.62   1.50  -0.16
197811  -4.61  -4.30  -5.10  -4.55  -4.43  -4.72  -5.86  -5.59  -4.44  -3.92
197812   3.48   4.70   3.64   3.69   3.11   2.31   3.29   3.29   3.44  16.84
197901  -0.16   1.23  -1.37   1.48  -1.04   1.65  -0.34   0.80  -0.87  10.70
197902   8.92   7.29   7.61   7.59   9.31   6.27   8.68   6.11  10.70  -1.10
197903  15.21  12.64  18.99  11.63  18.75   9.87  19.92   8.68  18.83  27.93
197904   5.01   5.55   4.80   4.35   5.23   5.40   4.80   3.76   5.19   3.57
197905  -6.03  -5.98  -7.34  -4.74  -6.35  -4.49  -6.27  -3.28  -6.99  -6.75
197906   0.38  -0.73  -3.18  -0.79   1.56  -2.55  -2.02  -1.19   2.41  17.39
197907   1.23   1.33   3.96   1.25   2.94   1.60   3.81   1.71   1.53   5.32
197908   2.98   2.84   3.93   3.77   1.52   5.82   2.78   3.37   0.35  10.93
197909   1.60   0.07  -0.04   0.30   2.20  -0.56   0.05   0.51   2.71   3.11
197910 -11.00 -11.87 -15.98 -12.98  -8.60 -14.03 -15.15 -11.14  -9.43   4.18
197911   4.85   3.71   5.09   5.70   3.92   3.44   3.75   2.58   5.24  -1.96
197912   0.11   3.03  -0.66   4.46  -2.26   2.30  -1.86   4.19  -2.86  -1.04
198001  11.57  10.74  12.27  10.08  13.86  10.62  14.19   9.81  11.82  21.33
198002   5.80   1.96   8.18   7.32   5.72   8.33   5.20   2.85   7.31  23.26
198003 -13.87 -12.31 -15.53 -16.47 -11.60 -16.00 -11.56 -11.33 -13.30   2.05
198004   8.90  11.36   7.80   6.74  10.88   5.97   9.08  10.78   7.43   1.20
198005   0.80  -2.47   2.47   3.05  -0.96   4.03  -1.00  -2.61   0.57  -4.50
198006  12.90  12.19  13.67  11.52  15.24  10.90  16.21  11.76  13.25  11.15
198007   3.35   2.50   3.36   0.39   6.92   0.68   5.69   4.00   2.69  14.45
198008   2.94   1.59   3.39   2.42   3.83   2.28   4.22   1.51   3.45 -36.41
198009   3.24   0.35   5.20   6.09   2.36   4.78   2.01  -0.37   5.11  -5.13
198010   8.45   3.04  11.62  13.22   8.20  15.36   8.82   2.53  12.88  10.06
198011  -2.18  -5.76  -0.68  -2.24  -1.41  -0.35   0.29  -6.36  -2.45  -3.30
198012  -4.53  -0.95  -5.82  -7.07  -1.65  -8.16  -1.45  -2.69  -4.61  -5.99
198101  -0.72   0.07  -1.26  -2.79   1.31  -0.18   0.34  -2.83  -1.00  48.70
198102  -3.10   0.35  -4.19  -4.46  -3.02  -3.21  -2.21  -1.91  -3.47 -10.85
198103   2.73   4.96   0.59  -3.02   5.54  -1.25   5.97   2.42   3.72   1.79
198104   3.48  11.58  -0.31   2.42   1.21   4.97   2.17  11.36   1.03 -99.99
198105  -8.06  -9.30  -5.87  -4.93  -8.38  -6.37  -8.01  -9.59  -7.61 -99.99
198106  -4.60  -3.16  -7.10  -9.31  -2.33 -13.81  -2.99  -6.17  -3.22 -99.99
198107  -3.87  -5.73  -2.04  -1.77  -4.33  -1.57  -5.16  -4.04  -3.31 -99.99
198108   4.58   4.92   4.03   0.61   7.11   2.15   6.77   2.66   4.94 -99.99
198109 -17.88 -14.29 -17.98 -15.91 -18.78 -16.85 -19.50 -13.59 -19.26 -99.99
198110   5.76   2.06   8.53  10.85   3.46  11.00   3.06   2.58   5.65 -99.99
198111  19.06  21.43  18.02  18.24  20.24  18.74  20.45  16.86  19.99 -99.99
198112  -3.51  -2.21  -3.15  -4.45  -2.11  -4.76  -1.65  -2.86  -2.84 -99.99
198201   3.49   6.74   5.07  -1.14   5.35   0.27   5.56   1.49   4.20  -1.90
198202  -8.33  -5.21  -8.41  -6.82  -8.61  -8.69  -8.94  -7.63  -9.20 -24.81
198203   1.88  -2.31   3.79  -2.78   2.08   4.53   3.62  -2.32   2.90   7.28
198204   1.79  -1.86   2.08   3.27   2.41   6.37   2.94   2.67   2.64  13.56
198205   4.32   3.90   6.19   2.28   5.55   2.42   6.91   1.83   6.47   6.89
198206  -6.85  -7.22  -4.74  -9.13  -5.11 -10.42  -4.77  -8.81  -4.69 -17.42
198207   3.84   0.99   6.38   1.37   5.53  -1.75   6.96  -0.16   6.48   0.88
198208   1.68  -2.16   1.50   2.35   0.86   7.10   1.49   3.29   1.05  12.62
198209   4.45  -2.39  11.04  -0.29   9.15  -4.82  11.65  -1.28  10.62  -4.06
198210   1.16   5.60  -2.25   7.24  -1.98   8.96  -3.58   8.86  -3.76   8.96
198211  -2.29  -3.20  -0.65  -4.75  -1.17  -7.59  -0.76  -5.36  -0.43 -12.42
198212   2.14  -0.07   1.04   2.62   0.69   0.36   0.21   1.69   0.76  -3.02
198301  -1.89   3.84  -6.50   1.20  -5.29  -0.89  -7.44   3.72  -7.23 -10.93
198302   0.42   2.62   1.72  -1.27   1.16   0.39   1.94  -0.43   1.89  34.37
198303   0.84   2.73  -2.10   5.52  -0.57   6.84  -1.59   4.31  -1.20   4.94
198304  14.28  14.80  13.61  15.17  14.50  18.41  14.04  18.89  13.43  14.36
198305   3.27   6.44   4.33   3.49   4.69   3.68   4.60   3.35   4.49  -3.63
198306   0.31   0.84  -2.79   5.22  -3.33   6.44  -3.87   4.81  -3.50 -11.64
198307  -3.20  -3.60  -2.88  -4.87  -3.44  -4.26  -3.23  -6.47  -3.31  14.90
198308  -0.63  -1.88  -2.74   0.95  -2.53   2.53  -3.90   1.55  -3.56   0.83
198309  -0.43   0.21  -0.99  -0.07  -0.91   0.24  -0.74   0.52  -0.66   3.12
198310  -1.81  -2.19  -1.77  -3.84  -0.89  -2.64  -2.23  -3.07  -1.94  -3.84
198311   3.90   9.09   3.61   3.53   4.39   2.62   3.17   3.81   3.37  15.46
198312   0.76   2.90  -0.89   2.67  -1.05   0.96  -1.54   0.42  -1.50   6.04
198401   3.51   5.95  -0.32   8.47   0.06   7.99  -0.37   7.45  -0.60   9.00
198402   4.57   6.04   5.23   4.31   5.18   4.59   6.05   4.10   5.65  -1.11
198403   3.66   1.51   5.47   1.08   5.94   3.43   5.67   3.01   6.98  -3.03
198404  -0.55  -2.46  -1.50   1.62  -1.42   1.62  -1.42   0.95  -2.57  -0.89
198405 -10.85 -11.75 -11.92  -8.95 -11.65  -8.46 -10.94 -11.13 -12.11 -12.63
198406   0.04   2.26   1.23  -1.67   0.42  -2.94   1.85  -0.96   1.55   8.25
198407  -5.87  -3.01  -5.17  -7.41  -3.54  -8.35  -5.23  -4.74  -5.96  -8.25
198408  10.18   6.39  11.29  10.66   8.87  13.29  11.46   8.23  10.56   8.12
198409  -1.96  -2.14  -2.54   0.10  -4.07  -0.39  -1.31  -0.87  -2.42 -27.41
198410  -1.02   1.72  -0.73  -2.68  -0.05  -3.56  -0.52  -1.91   0.43   0.59
198411   1.49   0.22   2.32   0.60   1.91   2.26   2.08   1.43   1.94 -28.43
198412   0.62   1.77   0.41   0.80   1.35  -0.13   0.57  -0.05   0.46   0.47
198501   2.16   4.15   0.67   6.12   0.44   6.47  -1.43   6.24  -0.54  42.38
198502  -4.46  -3.99  -4.45  -4.11  -4.12  -2.64  -4.24  -3.90  -5.44  17.91
198503  15.54  15.80  17.37  11.81  16.98  12.79  14.32  13.76  14.00  68.93
198504   1.64   1.81   2.30   0.92   2.14   1.43   2.84   2.81   2.77 -99.99
198505   6.30   4.41   9.32   3.38   4.81   2.68   3.53   3.73   2.63 -99.99
198506  -3.91  -0.59  -7.12   1.10  -5.34  -1.78  -6.63   0.51  -5.48 -99.99
198507  12.82  12.94  15.92   8.73  13.11  10.09  14.52  12.14  12.11 -99.99
198508   4.87   5.29   5.28   5.12   4.91   6.18   4.78   5.89   5.58 -99.99
198509  -3.59  -2.83  -4.47  -4.29  -2.81  -4.45  -3.49  -2.95  -6.06 -99.99
198510  10.57  11.40   9.51  10.21  11.65   7.98  11.25  10.84  11.75 -99.99
198511   7.69   5.79   8.93   6.00   7.52   5.09   7.84   5.59   7.50 -99.99
198512  -4.08  -4.27  -5.43  -1.64  -4.44  -3.06  -4.29  -3.59  -3.59 -99.99
198601   0.01   1.44  -1.48   2.39  -1.08   3.52  -0.89   1.70  -0.96 -99.99
198602  12.75   9.93  12.34   9.45  13.14   8.94  13.07   9.48  15.83 -99.99
198603   9.70  10.49   8.75  11.69   9.21   9.32   9.84  11.14   8.73 -99.99
198604   4.55   4.95   3.38   3.90   3.79   3.25   4.28   4.71   5.53 -99.99
198605  -7.00  -5.93  -7.44  -6.17  -8.17  -4.61  -6.79  -6.33  -6.83 -99.99
198606   7.01   7.09   5.70   7.36   5.71   7.54   6.02   7.69   6.46 -99.99
198607  -7.74  -5.70  -8.14  -6.15  -7.82  -5.57  -7.07  -5.82  -8.01 -99.99
198608   5.66   7.57   5.68   9.04   5.00   9.16   4.91   8.39   4.63 -99.99
198609  -7.61  -4.62 -10.57  -3.97 -10.44  -2.48  -9.26  -4.66 -10.17 -99.99
198610   1.67   1.38   1.54   0.58   1.33   1.04   1.82   1.55   0.82 -99.99
198611   4.06   4.04   3.00   3.87   3.27   3.90   1.83   3.51   3.80 -99.99
198612   5.53   7.36   5.43   7.03   6.22   6.95   4.86   7.16   4.16 -99.99
198701  12.86  11.83  12.02  13.31  14.20  13.27  13.27  12.03  13.72 -99.99
198702  10.53   4.52  15.49   5.35  14.14   6.07  15.91   5.44  14.73 -99.99
198703   5.80  12.88   2.52   9.63   3.32  12.69   1.84  11.54   2.74 -99.99
198704   6.56   7.01   4.45   4.49   5.78   7.96   5.43   7.89   6.30 -99.99
198705   4.79   4.63   3.72   4.06   4.07   6.44   4.45   5.84   4.89 -99.99
198706   3.79   7.29   2.16   5.01   4.41   3.68   1.95   4.61   3.57 -99.99
198707   2.99   4.38   2.83   6.96   1.90   3.53   2.24   2.14   2.52 -99.99
198708  -2.23  -2.71  -1.64  -2.25  -1.96  -2.66  -1.15  -2.16  -2.26 -99.99
198709   5.81   6.00   6.78   6.10   7.93   4.11   5.92   3.89   6.56 -99.99
198710 -22.43 -23.29 -24.13 -24.71 -24.59 -22.22 -24.77 -19.18 -24.79 -99.99
198711  -2.96  -1.69  -3.09  -1.98  -3.43  -1.65  -3.20  -2.31  -4.47 -99.99
198712  11.94  11.89  11.39  13.13  11.29  11.89  11.71  11.37  11.68 -99.99
198801  -0.63   0.04  -0.77  -1.11   0.07  -0.20  -0.60  -0.02  -0.36  14.67
198802  -0.36  -0.96  -0.07   0.84  -0.42  -0.37  -0.73  -0.77  -0.90  -1.65
198803   5.27   7.58   3.57   4.03   5.66   5.04   4.63   5.83   4.78   4.50
198804   3.39   2.85   3.43   2.40   3.11   3.32   1.91   2.73   1.73  -1.16
198805  -2.45  -2.14  -1.60  -2.74  -1.50  -3.85  -1.97  -3.06  -2.29   1.51
198806  -2.57  -3.99  -2.29  -0.66  -2.48  -2.05  -2.77  -2.03  -3.34  -2.94
198807   0.36   1.37   0.06  -0.38  -0.09   0.56   0.11  -0.24   0.62  -2.17
198808  -6.42  -6.50  -6.94  -5.80  -6.85  -6.22  -6.62  -6.36  -6.98 -10.52
198809   4.62   4.34   4.32   5.31   5.38   5.24   4.65   4.02   3.77   7.58
198810   6.94   7.13   6.31   8.50   6.06   7.34   6.21   6.48   7.55   5.24
198811   1.75   4.12  -0.84   2.78  -0.23   3.87  -1.22   4.23  -0.70   6.89
198812  -2.09  -2.59  -1.43  -1.53  -2.70  -0.81  -2.76  -1.70  -2.56  -2.06
198901  11.15  10.73  10.65  13.38   9.70  12.16  10.70  11.48   9.92   9.12
198902  -1.76  -3.11  -0.99  -0.89  -3.05  -3.32  -1.55  -3.24  -0.34  19.56
198903   0.63   0.93   1.78   0.60   1.31   1.97   0.85   1.38   0.17  -2.40
198904   2.21   2.33   2.48   1.79   2.71   1.42   3.56   2.26   3.15   2.63
198905  -6.00  -7.00  -5.17  -6.45  -5.76  -6.51  -5.54  -6.82  -3.99  12.90
198906  -0.04  -0.17  -0.47   0.56  -0.64   0.31  -0.47  -0.05  -2.05  -0.13
198907  14.37  13.65  15.13  16.58  14.71  14.32  14.86  13.85  13.93  -9.26
198908  -2.40  -3.50   0.77  -3.26  -0.96  -4.17   0.72  -2.79  -0.13 -18.24
198909   0.37   1.78  -0.57   0.56   0.24   2.01  -0.92   1.19  -0.41   3.01
198910  -8.96  -8.49  -7.45 -10.82  -7.73  -8.31  -9.62  -8.15  -9.04 -14.36
198911   5.76   7.12   6.11   7.33   6.12   4.45   5.96   6.64   5.34  -0.46
198912   9.34  11.62   7.59   8.65   9.34  11.47   8.53  10.28   7.44   7.85
199001   1.11   2.27   0.02   2.53  -0.46   1.81  -0.23   1.71  -0.66   7.92
199002  -3.05  -3.59  -2.72  -2.54  -3.15  -2.32  -2.02  -2.89  -2.29  -0.35
199003  -1.78  -0.65  -1.23   0.54  -1.57  -3.01  -0.93  -2.24  -1.09  -5.54
199004  -6.27  -6.94  -5.73  -5.57  -5.94  -6.89  -6.11  -7.79  -5.42  -7.44
199005  14.28  13.71  14.04  15.20  14.34  14.83  13.99  14.19  14.33  11.96
199006   5.76   4.23   6.38   2.45   6.14   5.98   6.53   4.07   6.15   5.03
199007   4.93   6.43   3.57   3.54   4.37   4.03   3.67   5.24   4.98   9.02
199008  -6.28  -7.39  -7.78 -10.12  -6.87  -3.20  -7.87  -4.05  -8.23  -3.62
199009  -8.54 -11.29  -7.54 -12.15  -8.07  -9.09  -7.20 -10.30  -8.07  -5.87
199010   7.58   9.87   7.23   8.34   8.18   5.62   7.52   6.50   8.45  12.20
199011   4.88   5.87   3.01   6.91   3.71   5.60   2.88   6.13   2.26   4.08
199012  -0.26  -0.61   0.46  -0.11   0.49  -1.39   0.26  -1.79   2.14   3.77
199101   3.36   3.71   4.33   0.51   4.26   1.16   5.06   3.64   3.48  15.90
199102   8.15   9.06   7.99  13.69   6.25   8.63   6.77  10.99   6.40   6.75
199103  -4.97  -5.85  -3.08  -4.85  -4.07  -4.42  -3.86  -4.09  -3.84 -10.47
199104   0.46   0.24  -0.58  -0.39   0.61   1.09  -0.20  -0.38   0.53   6.03
199105  -1.32  -3.45  -0.78  -3.27  -1.09  -0.15  -0.04  -1.75  -0.46   5.19
199106  -7.19  -9.90  -5.88  -6.25  -5.80  -8.34  -6.35  -7.88  -6.10 -16.48
199107  11.82  11.31  11.96  10.74  11.11  11.02  11.65  10.09  10.74  11.14
199108   2.46   2.85   3.14   2.45   1.69   3.34   1.78   2.75   2.59   1.44
199109   4.07   3.56   5.00   4.28   3.71   2.72   5.14   3.97   4.53  11.91
199110  -2.25  -4.66  -0.13  -2.77  -0.22  -3.09   0.49  -4.35   1.61  -9.92
199111  -3.84  -9.98  -1.45  -6.87  -2.22  -6.57  -1.76  -8.61  -1.93  -4.25
199112   8.62   4.48  11.53   3.40  11.60   2.72  13.12   5.29  12.49  11.24
199201  -0.87   0.35  -0.02  -1.91  -1.84  -2.11   0.10  -1.46  -0.40   0.92
199202  -1.48  -2.70  -1.39  -0.34  -2.13  -2.02  -0.81  -3.11  -1.04   1.45
199203  -5.33  -6.14  -5.39  -5.74  -6.04  -6.02  -5.60  -5.59  -6.27  -9.49
199204  12.49  19.35  10.17  13.75   9.97  14.67   9.45  17.33   9.26  13.53
199205   5.50   6.62   5.30   5.76   5.73   6.21   5.05   5.95   5.24   7.24
199206  -2.97  -4.98  -2.86  -2.57  -5.18  -7.16  -2.48  -9.02  -1.38  -0.86
199207  -4.44  -9.78  -3.07  -3.80  -1.95  -3.43  -2.75  -5.78  -3.39  -1.37
199208  -0.62  -3.04  -0.18   1.03  -0.67   0.70   0.24  -2.81   0.13   8.32
199209  -1.39   0.35  -0.95  -4.59  -0.24  -3.82  -1.91   0.33  -2.64  -6.11
199210  -8.36  -5.52  -8.06  -7.47  -8.54  -6.51  -8.18  -6.34  -8.81  -8.44
199211   2.34   3.53   1.63   3.90   1.29   3.01   1.48   1.80   1.86   6.03
199212   3.66   4.97   2.38   3.66   2.79   4.73   1.93   5.44   1.54   2.96
199301  -2.37   3.24  -4.58  -0.45  -3.96  -0.79  -5.29   3.38  -5.65   4.15
199302  -0.90   2.22  -2.66   1.40  -2.30   2.53  -4.07   0.79  -2.87   1.23
199303   6.09   8.98   3.77   7.47   3.30   9.30   2.41   7.09   2.79   1.35
199304   2.65   4.64   1.68   1.77   1.46   1.66   2.67   5.44   2.98   4.54
199305   0.51   2.39  -0.10   0.32   2.11   1.46   0.43   0.92  -0.16   2.85
199306  -2.19  -2.09  -3.35  -3.72  -3.19  -2.22  -5.43  -1.47  -4.06  -1.32
199307   1.26   2.71   0.23   3.41   0.64   2.26   1.04   3.40  -0.12  -1.85
199308   6.35   5.08   7.83   7.28   7.23   5.51   7.60   5.14   8.40  11.45
199309  -1.29   0.59  -3.49  -0.50  -0.66   1.41  -2.37   0.51  -3.39  -5.39
199310   3.22   3.23   3.08   4.48   3.96   3.60   2.54   3.71   2.94  -6.26
199311   0.36   0.99   0.25  -0.85   0.61   1.25   1.77   0.77   0.59  -0.85
199312   7.30   7.82   5.59   9.05   7.70   6.81   7.63   6.50   7.56  10.49
199401   5.28   7.53   4.59   3.95   7.66   6.40   4.77   6.39   5.23   4.77
199402  -5.59  -4.97  -5.22  -6.24  -6.60  -6.09  -3.44  -6.95  -5.17  -6.34
199403  -6.44  -5.24  -7.08  -6.95  -7.24  -4.41  -6.52  -4.88  -8.25  -4.22
199404   3.86   5.10   4.74   1.16   5.38   2.17   4.19   1.42   3.82   6.83
199405  -5.49  -5.86  -6.75  -4.09  -7.64  -3.32  -7.20  -5.99  -5.76  -8.47
199406   0.56   0.20   0.16   2.09  -0.53   1.99  -0.37   1.20  -0.98   1.22
199407   5.25   6.52   5.51   6.72   6.66   5.72   5.19   5.78   6.96   5.21
199408   6.54   6.01   6.32   8.41   5.51   6.92   6.66   5.65   5.07   3.25
199409  -4.01  -3.15  -5.13  -4.42  -3.10  -3.91  -3.15  -3.52  -3.62  -1.66
199410   5.96   5.08   5.45   5.74   5.73   7.78   4.56   5.75   6.19   4.39
199411  -4.98  -5.71  -4.29  -4.77  -4.34  -5.59  -3.71  -4.92  -5.20  -5.07
199412   0.13  -0.17   0.23   1.77  -1.64   1.53  -0.31  -0.08  -1.28  -1.09
199501  -0.86  -1.68  -0.47  -1.55  -1.79   0.71  -1.55   0.37  -1.59   1.70
199502   0.77   1.46   1.76   1.99  -0.65  -0.05   0.48   0.62  -0.69  -1.57
199503   5.62   5.86   5.93   4.52   6.71   5.32   8.13   6.45   7.10  -6.42
199504   2.92   3.03   2.82   3.90   2.75   3.17   2.32   2.45   2.76  -4.41
199505   1.98   3.39   1.25   3.14   2.05   1.55   0.92   2.07   1.27  -0.27
199506   0.33  -1.40   2.95  -1.66   1.19  -0.27   2.78  -1.28   1.56   2.76
199507   5.70   6.67   4.34   7.18   6.49   5.03   5.46   3.59   6.88   4.08
199508  -1.97  -2.82  -1.08  -0.80  -2.28  -0.72  -1.42  -2.95  -1.22  -2.98
199509   3.18   1.76   3.27   4.06   3.00   0.86   3.65   1.90   2.77  -0.09
199510   0.49  -1.01   2.27   3.50  -1.11  -2.53   0.97   0.74  -0.74  -6.54
199511   0.75   1.66  -0.37   1.87   2.18   0.22  -0.13   0.05   0.84  -2.18
199512   2.75   3.90   2.03   1.91   2.79   2.33   2.87   3.07   2.38   2.85
199601  -0.35  -0.30   0.38   1.35   0.04  -0.27  -0.45  -0.09   0.01  -9.29
199602   1.09   2.92   0.37   1.62   0.06   3.54   0.12   1.73   0.65   7.77
199603  -0.20   0.16  -1.63  -2.15   1.45   0.96   0.45  -1.57   2.77   2.18
199604   2.42   1.93   3.22   0.19   3.25   1.48   3.04   1.23   3.84  15.64
199605   1.42  -0.41   2.53   1.60   1.65  -1.41   2.61  -0.32   0.69   5.04
199606  -0.92  -2.93   0.13  -2.17   0.31  -3.17   0.26  -3.60   0.50  -8.17
199607   0.31   0.75  -0.70   1.80  -1.24   0.84  -0.75   1.07  -2.44  -8.26
199608   4.97   5.48   4.78   5.33   6.29   4.23   6.51   2.70   6.87   1.56
199609   2.33   1.44   3.03   1.91   3.00  -0.25   2.42   0.03   1.58  -5.99
199610   4.77   2.85   4.44   5.57   4.63   1.50   3.92   3.09   5.15   8.03
199611   5.53   6.55   5.72   6.88   4.43   7.22   3.88   6.71   4.59  -1.04
199612   3.63   4.77   3.26   4.66   1.71   5.48   1.15   6.31   2.71  -2.35
199701  -3.06  -3.46  -3.61  -1.14  -4.68  -3.17  -3.59  -4.35  -4.63  -4.00
199702   2.68   3.42   2.81   3.40   2.75   2.18   2.81   2.93   3.69   1.86
199703   1.10  -1.85   2.09  -0.21  -0.30   1.39   1.26   1.00   0.12   1.48
199704   1.32   1.28   1.34   3.77  -0.25   2.22   0.59   0.91  -0.05  -1.12
199705   4.26   4.51   2.97   5.45   2.99   3.12   2.36   0.98   3.27   2.32
199706   1.68   1.74   2.62   1.72   0.24   3.73   1.45   1.99   1.36   2.36
199707   4.88   5.54   4.67   5.99   4.01   2.82   3.38   2.14   4.09  -1.36
199708  -2.20   0.75  -1.47  -2.35  -3.05   1.55  -2.86   2.10  -4.33  -2.29
199709   8.74   6.64   9.42   9.08   7.92   4.09   9.25   6.09   7.52   4.36
199710  -3.86   0.52  -3.50  -7.32  -2.06   1.46  -2.54   1.36  -3.29   0.00
199711   0.79   0.19  -0.03   2.33   2.36   3.49   1.73   2.61   2.66   0.16
199712   3.22   0.69   3.77   2.40   2.71   0.85   3.75   0.98   3.07  -2.32
199801   4.80   6.03   5.33   1.61   5.18   4.96   2.47   4.72   6.14   9.86
199802   7.23   9.59   6.94  10.97   7.15   6.70   6.93   6.16   7.23  12.12
199803   5.18   4.34   3.83   5.79   3.34   9.06   5.40   7.81   4.26  12.60
199804   0.31  -1.80   1.98  -1.29   0.27   0.63   1.15   0.28   0.19  10.35
199805  -2.74  -1.02  -2.37  -6.71  -1.86  -0.71  -1.42  -2.99  -2.06   5.71
199806   0.95  -2.54   1.23  -1.88   1.27   3.44   2.98   2.84   2.50  34.14
199807  -1.70  -2.01  -2.93  -2.52  -2.89   4.60  -3.68   4.48  -2.34  13.82
199808  -8.30 -11.10  -5.24 -10.03  -6.76  -9.47  -7.07  -8.41  -7.40  -5.36
199809  -1.48   3.69  -1.54  -1.02  -1.70  -0.52  -1.72   0.11  -4.62 -17.04
199810   5.90  -0.89   6.50   5.76   5.43  -1.47   7.08  -0.05   8.67  -0.25
199811   3.75   0.19   3.96   6.00   2.74   3.11   1.78   3.20   3.93   6.40
199812   3.10   0.20   5.34   0.57   4.82   4.92   6.24   4.29   5.14  14.73
199901  -0.19  -2.85   1.56   1.35  -0.13  -1.68   2.00  -4.07   0.39  30.22
199902   2.62   7.01   1.08   4.97   1.69   9.03   1.28   5.30   1.23  -5.55
199903   2.45   5.20   2.13   1.89   2.77   3.79   1.72   2.49   0.18  -3.39
199904   4.79   8.26   1.57  14.54   1.59  17.57  -0.35  13.93   0.65   3.70
199905  -5.39  -4.65  -5.69  -5.42  -5.26  -6.21  -4.44  -4.52  -5.63  -6.45
199906   0.48   4.47   0.24   4.35   0.08   5.24  -0.04   3.53  -0.06   5.78
199907   1.46   3.70   1.64   6.97   0.76   8.70   1.69   7.13   0.17   6.60
199908  -0.14   0.83  -1.39  -1.01  -0.51  -0.77  -1.16  -0.73  -0.33   1.38
199909  -2.00  -4.11  -1.90  -6.18  -0.96  -4.68  -1.73  -4.21  -0.90   5.11
199910   2.49  -5.10   5.46  -5.59   4.53  -5.08   4.83  -7.03   5.15  14.03
199911   2.25   1.41   3.87   3.88   4.23   2.20   5.68   1.66   3.81  12.67
199912   6.57   7.94   7.21   7.95   7.21   8.32   8.43   5.39   9.54  12.97
200001  -8.36 -12.09  -9.42  -9.38  -7.08  -9.49  -5.26  -8.98  -7.49  -0.87
200002  -1.99  -7.73  -2.61  -2.83  -2.49  -8.97   0.45  -6.46  -3.42  16.53
200003   6.66  12.59   7.45   7.24   7.01   7.93   4.62   9.91   7.03  -7.79
200004  -3.96   1.26  -2.80  -0.74  -4.50   0.58  -5.59   1.40  -3.67 -10.81
200005  -3.78   0.45  -5.62   0.68  -5.06   1.31  -7.79   0.00  -6.17 -20.58
200006   1.92   6.33   2.52   9.02   1.78   8.08   0.36   7.15   3.24  -0.23
200007  -0.01  -2.14  -1.63  -2.14   1.60  -2.07  -0.12  -1.92  -0.83  -5.58
200008   1.90  -1.62   4.03  -2.63   2.24  -1.28   0.61  -0.53   3.18  12.58
200009  -3.30  -1.36  -4.88   0.84  -3.99   1.16  -5.71  -0.15  -5.08 -17.15
200010  -0.07   0.99  -1.50   1.07  -1.51   1.06  -0.13   1.48  -3.22   4.39
200011  -4.99   6.94  -7.54   3.31  -8.37   4.24 -12.13   4.67  -9.03 -34.08
200012   6.97   5.66   6.08   5.85   6.50   5.56   6.55   5.06   7.31  14.67
200101  -0.71  -2.71  -4.34   1.69  -2.95   1.76  -4.69   3.78  -3.95  13.34
200102  -6.35 -11.79  -2.26  -0.37  -7.99  -1.13  -8.38  -4.99  -8.68 -22.25
200103  -6.03  -2.77  -6.65  -4.78  -6.08  -6.81  -5.37  -5.61  -6.15 -21.16
200104   6.67   5.95   5.25   5.08   6.77   3.43   5.98   6.17   6.10  13.63
200105  -2.72  -6.83  -0.18   3.25  -4.12   3.45  -4.71  -2.14  -4.62 -15.16
200106  -3.37  -5.69  -1.31   0.55  -4.88  -1.26  -4.94   0.58  -5.34 -14.52
200107  -0.28  -0.70   0.44  -2.08  -0.34  -1.98  -0.05   1.93  -0.77  -1.58
200108  -0.88  -2.09  -3.16   2.47  -3.02   2.34  -5.43   0.00  -4.00  -9.75
200109  -7.57  -5.21  -5.73 -13.02  -3.88 -15.72  -1.19 -11.61  -2.56 -22.71
200110   2.13   2.90   1.17   2.01   0.77   2.95   1.06   2.68   1.99  25.87
200111   2.02   7.71  -0.06   5.96   0.37   6.85   2.44   4.54   1.76   7.56
200112   2.62   2.48   2.44   6.44   2.65   5.56   1.83   3.55   2.20  -6.49
200201  -3.91 -11.74  -2.76  -1.76  -7.66  -6.67  -7.15  -1.35  -6.58 -14.25
200202  -0.58  -5.61   0.50   1.01  -1.18   2.72  -1.04  -3.39  -1.91   3.08
200203   4.79   2.70   3.01   9.84   1.47   9.71   1.09   7.59   1.62   9.56
200204   0.89  -4.23   1.02   5.52  -2.97   0.90  -3.56   6.18  -2.67  -4.88
200205  -1.06  -0.63  -3.99  -0.26  -5.50   2.44  -6.33  -0.65  -2.62   2.88
200206  -4.40  -7.46  -2.97  -6.80  -4.63  -5.18  -3.63  -7.59  -5.41  -7.94
200207  -6.41  -2.83  -7.95  -6.68  -7.38 -10.51  -5.66  -4.70  -5.07 -12.37
200208  -1.14   1.61  -3.14   1.36  -1.16  -0.21  -2.15  -1.75  -2.74  -1.07
200209 -10.26 -15.37  -5.65 -10.18  -8.24 -12.66  -5.63 -11.36 -10.75 -16.89
200210   7.90  13.90   6.45   2.75  11.22   5.52   9.03   8.44  15.17   8.81
200211   2.88   9.81   0.85   1.53   5.11   3.81   3.82   0.39   6.62   8.61
200212  -2.08  -2.31  -1.58  -0.86  -2.73  -3.35  -1.85  -3.75  -2.77  -2.16
200301  -7.08  -3.13  -7.34  -4.45  -6.51  -2.36  -5.40  -8.61  -6.95  -5.56
200302  -1.88  -1.04  -4.39  -5.17  -2.05  -9.42  -2.90  -7.28  -2.24  -1.73
200303  -0.63  -2.00   0.82  -3.49   0.65  -1.46   0.42  -3.97   0.40  -4.43
200304  10.58  12.66  10.94  18.68   8.67  15.34  11.04  18.19  12.15  12.17
200305   6.71  12.50   4.76   9.50   5.82  11.71   5.38  11.99   6.60  10.89
200306   0.93  -4.81   0.52   2.76  -0.79   4.16  -2.19  -0.87  -0.94   2.94
200307   1.02   2.03   0.36   6.67  -1.04   3.66  -0.95   8.83   0.11   4.83
200308  -0.90  -0.51  -0.40   2.44  -0.40   2.28  -0.37  -2.37  -2.58   0.46
200309   3.61   5.11   4.48   3.21   5.15   1.66   5.42   1.19   5.57  -0.37
200310   7.15   7.83   7.01   9.74   6.10  10.22   6.96   9.45   6.88  10.14
200311   2.77   5.77   2.28   0.50   3.05  -2.10   4.30   0.41   2.92   5.78
200312   7.54   7.19   8.00   4.00   8.39   7.25   6.38   7.20   7.62   7.56
200401   0.54   2.83   0.33   1.48   0.59   1.76   0.76   3.11   1.29  11.03
200402   4.67   4.98   4.18   5.59   4.34   7.12   2.89   7.09   3.78   6.34
200403  -2.84  -3.32  -2.70  -0.93  -2.52  -1.28  -3.49  -3.50  -2.40  -5.52
200404  -1.05  -0.99  -0.90  -1.95  -1.96  -2.51  -1.02  -1.98  -1.71  -6.15
200405   2.13   0.33   1.78   0.57   2.37   3.47   1.62   2.65   1.29  -0.27
200406   0.25  -1.09   0.46  -0.52   0.92   2.61  -0.27   2.54  -0.97   0.44
200407  -0.95  -0.94  -1.61  -1.53   0.04  -2.41  -2.10  -1.54  -1.47  -5.74
200408   0.05   1.74  -0.29   0.84  -0.96   0.23  -1.02  -0.51   1.24  -9.12
200409   3.26   4.58   0.49   3.85   2.33   2.07   0.71   3.07   2.19   3.81
200410   2.83   5.14   2.06   2.06   1.95   4.34   1.56   2.97   3.41   6.11
200411   6.57   8.26   5.94   6.61   7.04   7.56   6.24   7.19   7.42  11.17
200412   3.53   3.53   3.83   9.23  -0.58   5.25   3.80   6.06   1.18   3.87
200501  -0.50  -0.99  -0.84   0.19   0.25   2.47  -1.48   0.50  -1.48   4.46
200502   4.44   2.87   5.71   2.71   6.74   3.49   6.14   2.47   5.14   1.12
200503  -2.90  -1.14  -2.70  -3.64  -2.90  -2.01  -2.96  -3.33  -1.83  -4.06
200504  -1.13  -2.07   1.65  -2.33  -1.28  -1.52   1.49  -0.28  -1.89  -7.16
200505  -1.03   0.06  -1.37  -1.29  -0.61   0.89  -0.96  -0.21  -1.54   2.09
200506   1.79  -0.38   0.31   3.80   1.77   2.45   0.22   1.88   0.07   2.05
200507   1.69   3.12   0.46  -0.34   4.82  -0.20   1.85   0.52   4.22   3.03
200508   3.03   4.83   3.10   1.55   3.32   2.68   2.91   0.88   4.31   9.03
200509   1.28   0.44   2.54   0.31   2.95   1.20   2.94   1.30   0.03   0.44
200510  -2.12   0.67  -2.03  -2.31  -3.72  -2.24  -1.95  -1.01  -3.25  10.41
200511   0.28  -4.27   0.92   1.79   1.42   2.16   1.01   1.45  -2.27  -0.02
200512   3.68   4.06   4.68   4.04   3.15   5.80   4.79   3.28   4.87   2.48
200601   6.35   3.18   4.63   6.92   5.01   8.66   3.73   5.27   7.93   9.33
200602  -0.35   1.22  -0.24  -2.36   0.59  -7.01   0.54  -0.33  -0.54  -0.94
200603   2.23   3.37   3.47   2.28   3.31   4.21   3.40   1.65   3.97   5.72
200604   6.30   5.03   7.30   6.50   6.96   8.49   6.75   6.07   7.06   6.18
200605  -2.40  -1.25  -2.20  -2.92  -3.09  -3.41  -2.57  -1.21  -2.58  -0.31
200606   0.90  -1.07   1.79   0.12   2.29  -1.05   2.75   0.42   1.49  -3.18
200607   2.45   3.30   1.49   2.25   1.49   2.68   1.60   2.23   2.37   1.39
200608   1.96   2.77   3.02   0.79   3.82  -1.06   3.84   1.86   2.80   4.12
200609  -0.15   2.77  -0.93   0.65  -0.60  -0.78  -1.12   1.33  -2.24  -3.27
200610   5.18   7.45   3.91   5.48   2.85   6.01   2.36   5.79   6.11   2.63
200611   2.37   4.23   1.90   2.70   1.53   3.51   2.05   2.24   1.69  10.38
200612   2.82   5.45   1.73   3.26   2.05   1.21   1.30   3.06   2.27   4.22
200701   0.23   0.21   2.15  -0.44   0.38  -0.91  -0.04   0.14  -0.12  -1.29
200702  -0.20  -1.76   1.64  -1.32  -0.07  -1.25   0.03  -1.32   1.83   0.66
200703   3.54   1.93   2.83   2.66   4.36   3.97   4.31   2.27   6.50   2.28
200704   4.12   4.38   3.60   4.49   4.44   4.86   3.07   4.35   3.67   6.87
200705   1.98   2.78  -0.24   2.87   0.32   4.87   0.71   0.90   5.76   2.93
200706   1.01   2.63   0.05   3.31  -1.27   6.37  -1.49   2.44   2.73  -2.85
200707  -2.54  -4.27  -2.61  -2.88  -2.00  -3.99  -2.18  -3.31  -0.86  -3.53
200708  -0.86   0.22   1.17  -1.49   0.03  -0.01   1.07  -0.62  -2.50  -3.30
200709   3.81   2.72   2.79   4.45   0.08   7.28   1.89   2.78   9.81   0.82
200710   6.25   6.74   3.45   6.95   5.36   8.57   5.04   6.09   5.75   8.16
200711  -5.43  -9.07  -2.60  -6.19  -7.99  -3.96  -5.67  -7.00  -1.10 -12.65
200712  -2.97  -1.31  -2.75  -2.49  -3.27  -1.46  -1.99  -2.53  -4.00  -3.24
200801  -8.38  -7.31  -7.67  -9.92  -4.89 -10.18  -6.16  -8.01  -6.89  -5.86
200802   1.26  -2.70   4.54  -0.01   4.01   0.62   2.19  -2.55   7.45   6.33
200803  -2.49  -0.77  -3.01  -3.59  -3.97  -1.59  -3.45   0.49  -4.39  -5.06
200804   6.30   2.08   5.91   7.64   5.13   6.98   5.29   2.96   7.90   4.82
200805   0.02  -4.94   2.24  -2.49   3.02  -2.61   1.17  -5.32   2.59   5.58
200806  -6.49 -11.30  -3.41  -9.04  -3.98  -9.18  -5.02 -10.44  -2.32  -6.89
200807  -4.50   0.17  -5.07  -5.35  -5.13  -4.47  -5.42   3.39  -9.15 -10.10
200808  -3.94  -2.46  -4.13  -2.39  -7.71  -2.87  -6.34  -0.91  -6.26  -7.58
200809 -15.29 -11.28 -15.96 -16.91 -20.10 -13.94 -16.99 -10.15 -24.65 -24.12
200810 -20.46 -27.29 -19.43 -18.03 -26.39 -20.46 -21.55 -24.34 -24.94 -31.05
200811  -5.99  -5.68  -8.14  -3.77  -5.52  -4.51  -7.39  -8.65  -8.94  -8.39
200812  -1.49  -4.69   1.04  -3.73  -2.52  -6.13   0.03  -3.13  -3.13  -0.49
200901  -6.44 -15.19  -1.43 -11.96   0.04  -9.71  -1.15 -17.66  -2.98  -0.22
200902  -7.36  -6.62  -6.91  -8.06  -6.32  -6.93  -6.59  -9.03  -5.33  -1.32
200903   3.52   3.45  -0.27   6.13  -0.67   7.06   0.06   3.79   5.54   5.66
200904  13.84  28.33   5.99  20.87   8.76  17.30   6.79  35.56   8.74  18.10
200905  14.32  12.88  14.03  17.03  13.22  13.71  13.34  14.05  15.53  17.87
200906  -1.27  -0.49   0.43  -4.01   0.82  -1.98   0.63  -1.64  -0.51   1.23
200907   9.99  14.97   6.77  12.42   6.47  10.22   7.74  16.02   9.02   6.45
200908   4.82   9.76   2.20   7.64   2.16   7.02   2.02  10.75   1.61   4.69
200909   2.85   1.92   2.62   2.03   5.97   1.64   4.67   1.11   4.60   4.56
200910   1.25  -3.42   2.31   0.47   2.45   1.03   2.50  -3.80   2.35   0.33
200911   2.91   1.84   1.63   3.27   1.75   3.22   1.82   1.07   4.36   0.56
200912   2.52   0.10   4.54   1.36   4.40   1.95   3.80  -0.82   3.14  -0.13
201001  -4.30  -4.14  -4.64  -4.16  -4.87  -4.59  -3.65  -4.94  -3.92  -3.33
201002  -1.41  -0.18  -0.82  -2.02   0.06  -2.06  -1.34  -2.23   0.50  -1.54
201003   6.58   7.70   6.88   7.26   5.16   7.62   8.63   5.00   8.85  13.17
201004  -0.42   2.90  -3.43   0.11  -1.80  -0.93   0.10  -1.17  -1.99   1.59
201005 -10.99 -12.53  -8.04 -12.85 -10.24 -12.39 -10.06 -11.41 -10.21 -12.94
201006  -1.98  -1.96   1.96  -7.80   1.45  -5.88   1.47  -2.61  -2.03  -5.60
201007  12.81  13.81   9.75  14.44  13.04  14.58  13.00  11.70  13.86  17.63
201008  -2.62  -2.94  -1.35  -4.69  -1.47  -3.28  -2.01  -0.68  -3.34  -4.96
201009   9.43   9.18   9.36  11.20   7.62  10.13  10.03   8.29  10.69  12.71
201010   4.31   5.12   3.95   5.07   4.93   5.92   2.69   5.23   3.79   2.05
201011  -5.04  -6.83  -3.62  -5.58  -4.69  -5.26  -5.38  -5.85  -4.33  -6.14
201012   7.87   8.26   6.39   9.93   6.51   9.24   9.09   6.35   9.76  11.66
201101   1.84   5.83  -1.41   3.70   1.28   3.96   1.12   2.89   0.31   2.66
201102   3.92   3.50   4.84   4.33   4.39   4.07   3.63   4.82   5.73   2.12
201103  -2.44  -4.52  -0.05  -4.40  -2.53  -3.60  -2.46  -1.49  -2.01  -5.24
201104   7.47   6.79   9.09   8.24   8.50   8.00   7.88   8.29   6.08   6.54
201105  -2.49  -3.21  -1.64  -1.19  -3.86  -2.00  -3.17  -1.43  -5.04  -4.54
201106  -3.09  -3.76  -2.62  -3.50  -4.28  -3.23  -4.26  -2.39  -2.51  -6.92
201107   0.15  -0.32   1.51   0.15   1.18   0.76   0.96   2.18  -0.01  -2.81
201108  -8.21 -10.93  -5.13  -8.22  -8.54  -8.23  -9.64  -5.85 -10.11 -15.07
201109  -9.15  -7.34  -7.86  -5.24 -11.27  -5.62 -12.61  -5.10 -16.75  -8.27
201110  11.24  12.10   8.88  10.02  12.99  10.94  12.64   8.95  15.14   7.46
201111  -3.00  -4.10  -1.48  -2.55  -5.44  -2.27  -5.78  -1.36  -3.09  -9.00
201112  -0.44   0.67  -0.48  -0.21  -1.82   1.14  -2.37   1.66  -2.97  -1.73
201201   4.72   8.98   1.79  10.96   2.23   5.35   3.24   3.47   8.87  12.93
201202   5.52   6.45   6.87   4.17   6.68   3.34   6.66   3.45   5.52   9.32
201203  -0.64  -0.64   0.50  -1.89   0.48  -2.44  -0.83   1.94  -3.46  -1.18
201204   1.17  -0.39   2.20   0.90   2.42   1.41   1.45   1.15   2.84  -1.17
201205 -11.91 -13.99  -8.84 -15.00  -9.26 -12.67 -10.37  -7.87 -16.33 -15.37
201206   6.43   7.42   4.00   7.05   5.73   6.71   6.04   8.10   3.76   5.96
201207   1.14   0.06   2.41   0.12   2.06   1.01   1.83   0.45   0.38  -1.44
201208   3.75   3.59   3.76   3.06   2.97   2.56   3.53   3.28   4.80   4.88
201209   3.08   5.48   1.71   6.25   1.93   3.21   2.15   3.31   2.16   8.89
201210   1.05   2.93   0.07   3.38  -0.77   0.79   0.06   1.12   0.99   2.68
201211   1.13   1.46   2.77   1.66   1.48  -0.33   1.34   0.51   0.47   3.12
201212   2.56   4.39  -0.11   5.45  -0.39   4.28  -0.09   2.06   3.34   4.11
201301   3.60   5.06   2.96   4.61   1.18   3.76   1.72   3.38   3.36   2.37
201302  -2.31  -4.33  -0.39  -3.93  -0.30  -4.20  -0.36  -3.76  -1.14  -2.46
201303   1.00  -1.37   3.82   0.79   2.49   0.95   3.19   3.64   1.10  -4.21
201304   2.66   3.74   2.47   3.36   1.63   2.74   1.58   5.26   0.60   5.91
201305   0.67   1.08   0.30   0.60   0.67   0.07   0.14  -0.13   2.14   5.18
201306  -5.00  -5.06  -4.41  -5.13  -5.43  -5.12  -5.38  -4.15  -6.85  -4.35
201307   6.85   6.74   6.04   6.78   8.29   6.67   6.24   5.47   7.20   7.45
201308   0.05   0.43  -0.10  -0.18   0.58   1.27  -0.13  -0.11   0.81   5.53
201309   5.58   5.35   4.94   4.56   5.64   5.25   5.64   4.62   5.19   8.29
201310   3.35   3.19   3.31   3.05   2.78   3.03   3.06   3.44   3.40   2.36
201311   1.31   1.44   0.54   1.93   0.70   1.95   0.44   1.76   0.87   1.19
201312   3.14   3.17   2.46   2.66   4.31   3.87   2.91   3.53   3.73   3.23
201401  -3.58  -2.93  -4.38  -3.80  -2.00  -2.53  -2.11  -3.36  -3.84   1.10
201402   7.27   6.08   8.98   6.83   6.58   7.19   6.71   7.76   8.01   4.07
201403  -3.36  -4.36  -2.50  -1.58  -4.06  -2.71  -6.15  -3.48  -2.71  -7.69
201404   3.18   3.95   0.76   5.03   1.76   5.20   1.41   5.13   1.58  -1.25
201405   0.63   0.20   1.79   0.63   0.79   0.19  -0.41  -0.01  -0.03   2.24
201406   0.67  -0.24   1.18   1.18   0.71   1.76   0.36   0.87   3.10  -2.34
201407  -1.54  -0.11  -3.29  -0.71  -1.06  -2.15  -0.03  -1.45  -3.13  -2.41
201408   0.35  -0.64   1.20  -0.04   0.90  -0.72   0.53   0.53   1.45   0.25
201409  -5.19  -5.76  -4.26  -5.98  -4.07  -6.62  -4.16  -5.67  -5.48  -4.56
201410  -2.07  -2.29  -2.39  -2.62  -2.54  -3.86  -2.28  -1.35  -4.36  -2.19
201411   0.71  -0.71   2.85  -1.95   1.87  -1.41   2.82   0.56   0.89  -0.39
201412  -2.09  -2.28  -2.06  -2.55  -0.47  -1.39  -1.24  -3.02   0.80  -2.29
201501  -1.07  -4.23   1.79  -1.60  -0.22  -2.16   0.10  -1.64   0.25  -5.85
201502   6.32   7.59   6.02   5.78   6.56   5.78   6.42   5.80   6.86   6.07
201503  -5.67  -6.47  -5.62  -4.94  -6.03  -6.01  -5.04  -5.59  -6.80  -5.08
201504   6.90   9.63   5.50   7.55   5.35   9.88   4.41   7.77   7.55   5.41
201505   1.01  -0.16   1.54  -0.57   2.06  -0.64   4.06  -0.71   2.95   5.44
201506  -2.87  -3.29  -2.53  -4.20  -3.52  -3.89  -1.30  -4.38  -1.92   0.81
201507   1.52  -0.32   4.17   0.92   3.68   0.07   2.51   0.90   3.03  -1.96
201508  -7.02  -8.97  -6.15  -7.69  -5.86  -8.19  -6.03  -7.45  -6.34  -5.51
201509  -3.94  -7.78  -1.79  -5.87  -2.77  -6.33  -0.56  -5.87  -0.74  -5.89
201510   6.76   6.86   7.83   8.13   5.02   7.97   6.65   7.92   7.05   1.72
201511  -2.08  -4.04  -1.40  -3.22  -1.32  -2.98  -1.48  -2.86  -0.72  -4.12
201512  -3.54  -5.19  -2.56  -4.44  -2.40  -5.44  -2.01  -4.11  -2.64  -2.88
201601  -6.51  -7.63  -3.18  -8.95 -10.00  -6.53  -6.24  -5.47  -7.57 -11.90
201602  -1.69  -0.26  -2.34  -0.88  -2.26  -0.51  -2.49  -0.90   0.46  -5.20
201603   5.25   5.25   5.06   6.55   2.21   5.42   5.34   5.85   4.67   6.91
201604   2.76   6.15   0.82   5.20   1.27   5.82   0.62   5.38   1.15   2.55
201605  -0.14  -2.44   1.21  -2.67   2.68  -3.15   1.75  -2.61   1.66   0.69
201606  -6.29  -5.52  -3.32  -4.36 -13.80  -1.66  -7.16  -0.91  -9.65 -16.99
201607   3.68   2.43   3.35   3.29   8.11   2.55   5.67   2.57   4.99   4.06
201608   1.11   2.39  -0.82   1.62   2.95   0.69   0.92   1.09   1.39   3.58
201609   0.40   1.33  -0.15   1.86  -2.93   2.09  -0.80   1.83  -1.36   0.39
201610  -5.18  -0.53  -7.73  -2.27  -6.92  -2.05  -8.16  -1.88  -7.45  -2.46
201611   0.53   2.99  -3.12   2.72   0.92   1.56  -1.90   1.39   0.34   2.40
201612   3.43   4.07   2.92   3.72   3.44   4.12   3.09   3.76   2.78   2.69
201701   1.94   2.20   2.38   0.51   0.54  -0.30   3.02  -0.31   2.16   8.63
201702   1.55  -1.20   4.27   2.04   1.06   0.72   2.17   0.86   2.84  -1.87
201703   2.54   1.89   3.26   2.38   1.68   2.38   1.64   2.64   1.43   2.03
201704   3.11   2.40   2.81   3.76   4.05   1.67   4.06   1.47   4.73   3.53
201705   3.86   3.44   5.01   4.35   4.14   5.76   4.14   6.48   3.28  -0.57
201706  -1.50  -0.80  -2.56   0.14  -2.40  -0.79  -1.24  -1.27  -1.73  -0.21
201707   3.01   5.52  -0.26   3.76   4.18   3.96   4.04   2.28   3.00   8.40
201708  -0.57  -1.25  -0.09  -1.37  -0.60  -1.16  -0.01  -1.34  -0.26   1.24
201709   3.01   4.12   1.62   2.18   5.55   3.58   0.80   5.19   1.39   2.51
201710   1.01   2.17   0.04  -1.35   2.56   0.20   0.55   1.04   1.03   2.04
201711   0.08   1.22  -0.71   0.42   0.41   1.53   0.09   0.52  -1.12  -0.17
201712   4.63   5.46   3.98   4.75   3.60   4.81   4.73   4.34   4.14   6.78
201801   3.33   3.25   2.57   3.19   2.84   4.06   3.65   2.41   3.17   7.92
201802  -6.05  -6.14  -6.83  -4.20  -6.12  -5.34  -5.85  -5.86  -6.91  -3.13
201803   0.04  -0.80   0.71  -0.24  -0.25  -0.93  -0.44  -0.70   0.93  -2.64
201804   4.32   6.35   1.64   4.42   6.94   6.87   3.57   6.80   1.09   3.32
201805  -0.83  -1.84   0.75  -3.20   0.81  -1.15  -0.69  -1.02  -1.26  -0.62
201806  -0.86  -1.55   0.44  -1.47  -0.41  -0.54  -0.84  -0.75   0.24  -3.53
201807   0.57  -0.68   3.52  -0.51   0.05  -0.48   1.43   0.54   0.50  -0.25
201808  -4.06  -5.22  -3.22  -3.38  -4.07  -5.01  -3.31  -4.55  -4.58  -4.25
201809   1.74   3.06   0.08   0.12   2.26   3.73   0.48   2.61  -0.09   3.21
201810  -7.26  -6.42  -7.36  -6.10  -6.32  -6.59  -7.82  -5.86  -7.86  -9.86
201811  -2.03  -2.41  -0.77  -2.35  -1.84  -3.05   1.10  -1.08  -5.67  -2.97
201812  -3.86  -3.72  -4.71  -5.01  -3.97  -3.59  -4.83  -3.75  -3.48  -5.50
201901   7.38   7.52   5.73  11.08   5.09   8.69   4.42   7.12   7.79   9.66
201902   3.41   3.29   5.03   3.83   5.01   3.22   5.13   2.93   3.17   3.38
201903   1.08   0.55   1.98   0.98   2.06   1.41   2.68   1.73   0.85   2.08
201904   2.69   1.91   3.68   1.42   2.07   0.96   3.09   1.34   4.85   1.98
201905  -6.02  -7.20  -3.06  -9.16  -3.24  -7.32  -3.01  -6.51  -3.99  -8.04
201906   3.97   3.76   3.31   5.26   3.35   4.62   3.60   4.03   2.54  -1.88
201907  -2.71  -3.76  -0.87  -3.73  -1.21  -3.50  -0.63  -3.02  -1.90  -2.58
201908  -3.99  -6.49  -0.45  -4.03  -1.36  -5.82  -0.29  -5.74  -2.02  -6.01
201909   4.21   6.79   1.21   6.70   2.00   5.86   1.57   5.49   3.17   0.21
201910   3.70   2.79   3.48   4.54   3.26   2.25   3.90   2.67   2.28   6.34
201911   2.28   2.07   1.89   4.24   1.66   2.48   1.48   2.19   2.52   2.72
201912   5.93   5.69   4.73   7.16   4.68   5.96   4.60   6.20   5.89   4.19
