% VIX month-end data: Jan 1990 - Dec 2018
25.36
21.99
19.73
19.52
17.37
15.5
21.11
29.9
29.11
30.04
22.16
26.38
20.91
21.23
16.88
18.24
15.93
19.55
15.18
14.46
15.85
15.48
20.26
19.31
17.4
16.68
16.18
15.53
13.86
13.35
13.17
13.58
14.28
16.15
13.01
12.57
12.42
13.16
12.53
12.42
13.47
11.26
11.73
11.85
12.99
11.46
13.76
11.66
10.63
14.87
20.45
13.77
13.03
14.97
11.13
11.97
14.28
14.56
15.95
13.2
11.96
11.75
13.37
11.75
12.85
11.38
13.49
11.52
12.74
13.83
11.58
12.52
12.53
17.04
18.88
15.83
16.07
13.68
19.46
17.01
16.95
18.11
17.14
20.92
19.47
21.1
22.14
20.06
19.19
21.53
21.48
24.76
22.91
35.09
27.43
24.01
21.47
18.55
24.22
21.18
21.32
19.71
24.8
44.28
40.95
28.05
26.01
24.42
26.25
27.88
23.26
25.07
25.39
21.09
24.64
24.45
25.41
22.2
24.18
24.64
24.95
23.37
24.11
26.2
23.65
19.54
20.74
16.84
20.57
23.63
29.65
26.85
22.02
28.35
28.64
25.48
22.64
19.06
21.62
24.92
31.93
33.56
23.84
23.8
21.09
21.59
17.4
21.91
19.98
25.4
32.03
32.64
39.69
31.14
27.5
28.62
31.17
29.63
29.15
21.21
19.47
19.52
19.49
18.63
22.72
16.1
16.32
18.31
16.63
14.55
16.74
17.19
15.5
14.34
15.32
15.29
13.34
16.27
13.24
13.29
12.82
12.08
14.02
15.31
13.29
12.04
11.57
12.6
11.92
15.32
12.06
12.07
12.95
12.34
11.39
11.59
16.44
13.08
14.95
12.31
11.98
11.1
10.91
11.56
10.42
15.42
14.64
14.22
13.05
16.23
23.52
23.38
18
18.53
22.87
22.5
26.2
26.54
25.61
20.79
17.83
23.95
22.94
20.65
39.39
59.89
55.28
40
44.84
46.35
44.14
36.5
28.92
26.35
25.92
26.01
25.61
30.69
24.51
21.68
24.62
19.5
17.59
22.05
32.07
34.54
23.5
26.05
23.7
21.2
23.54
17.75
19.53
18.35
17.74
14.75
15.45
16.52
25.25
31.62
42.96
29.96
27.8
23.4
19.44
18.43
15.5
17.15
24.06
17.08
18.93
17.47
15.73
18.6
15.87
18.02
14.28
15.51
12.7
13.52
16.3
16.86
13.45
17.01
16.6
13.75
13.7
13.72
18.41
14
13.88
13.41
11.4
11.57
16.95
11.98
16.31
14.03
13.33
19.2
20.97
13.34
15.29
14.55
13.84
18.23
12.12
28.43
24.5
15.07
16.13
18.21
20.2
20.55
13.95
15.7
14.19
15.63
11.87
13.42
13.29
17.06
13.33
14.04
11.99
12.92
12.37
10.82
10.41
11.18
10.26
10.59
9.51
10.18
11.28
11.04
13.54
19.85
19.97
15.93
15.43
16.09
12.83
12.86
12.12
21.23
18.07
25.42
